frq I Q Mdiv Clk DAC Kdiv
4104.00 9324.00 -10719.00 1082130432 32768 128 32
131328.00 1415.00 -2153.00 1082130432 32768 128 1
4104.00 8538.00 -9391.00 1082130432 32768 128 32
131328.00 375.00 -1159.00 1082130432 32768 128 1
4104.00 8527.00 -9378.00 1082130432 32768 128 32
131328.00 918.00 -1660.00 1082130432 32768 128 1
4104.00 7191.00 -8010.00 1082130432 32768 128 32
131328.00 1195.00 -1999.00 1082130432 32768 128 1
4104.00 7368.00 -8130.00 1082130432 32768 128 32
131328.00 551.00 -1359.00 1082130432 32768 128 1
4104.00 7920.00 -8712.00 1082130432 32768 128 32
131328.00 396.00 -1202.00 1082130432 32768 128 1
4104.00 7918.00 -8716.00 1082130432 32768 128 32
131328.00 25.00 -804.00 1082130432 32768 128 1
4104.00 7566.00 -8342.00 1082130432 32768 128 32
131328.00 860.00 -1630.00 1082130432 32768 128 1
4104.00 8371.00 -9166.00 1082130432 32768 128 32
131328.00 1389.00 -2147.00 1082130432 32768 128 1
4104.00 6710.00 -7519.00 1082130432 32768 128 32
131328.00 509.00 -1291.00 1082130432 32768 128 1
4104.00 8089.00 -8900.00 1082130432 32768 128 32
131328.00 476.00 -1218.00 1082130432 32768 128 1
4104.00 7874.00 -8642.00 1082130432 32768 128 32
131328.00 1144.00 -1922.00 1082130432 32768 128 1
4104.00 7373.00 -8207.00 1082130432 32768 128 32
131328.00 468.00 -1243.00 1082130432 32768 128 1
4104.00 8071.00 -8794.00 1082130432 32768 128 32
131328.00 1503.00 -2270.00 1082130432 32768 128 1
4104.00 8275.00 -9049.00 1082130432 32768 128 32
131328.00 953.00 -1744.00 1082130432 32768 128 1
4104.00 6896.00 -7690.00 1082130432 32768 128 32
131328.00 -78.00 -724.00 1082130432 32768 128 1
4104.00 6737.00 -7509.00 1082130432 32768 128 32
131328.00 500.00 -1263.00 1082130432 32768 128 1
4104.00 7637.00 -8471.00 1082130432 32768 128 32
131328.00 992.00 -1786.00 1082130432 32768 128 1
4104.00 8446.00 -9230.00 1082130432 32768 128 32
131328.00 1176.00 -1962.00 1082130432 32768 128 1
4104.00 7712.00 -8490.00 1082130432 32768 128 32
131328.00 819.00 -1613.00 1082130432 32768 128 1
4104.00 6822.00 -7627.00 1082130432 32768 128 32
131328.00 -70.00 -720.00 1082130432 32768 128 1
4104.00 8462.00 -9241.00 1082130432 32768 128 32
131328.00 683.00 -1470.00 1082130432 32768 128 1
4104.00 7537.00 -8367.00 1082130432 32768 128 32
131328.00 136.00 -890.00 1082130432 32768 128 1
4104.00 7273.00 -8047.00 1082130432 32768 128 32
131328.00 -35.00 -734.00 1082130432 32768 128 1
4104.00 7807.00 -8597.00 1082130432 32768 128 32
131328.00 696.00 -1479.00 1082130432 32768 128 1
4104.00 7927.00 -8686.00 1082130432 32768 128 32
131328.00 1177.00 -1911.00 1082130432 32768 128 1
4104.00 8521.00 -9291.00 1082130432 32768 128 32
131328.00 1053.00 -1810.00 1082130432 32768 128 1
4104.00 7850.00 -8645.00 1082130432 32768 128 32
131328.00 1262.00 -2098.00 1082130432 32768 128 1
4104.00 8987.00 -9807.00 1082130432 32768 128 32
131328.00 472.00 -1266.00 1082130432 32768 128 1
4104.00 8009.00 -8792.00 1082130432 32768 128 32
131328.00 1214.00 -1949.00 1082130432 32768 128 1
4104.00 7803.00 -8574.00 1082130432 32768 128 32
131328.00 1303.00 -2084.00 1082130432 32768 128 1
4104.00 7891.00 -8664.00 1082130432 32768 128 32
131328.00 431.00 -1211.00 1082130432 32768 128 1
4104.00 6974.00 -7745.00 1082130432 32768 128 32
131328.00 250.00 -995.00 1082130432 32768 128 1
4104.00 7783.00 -8573.00 1082130432 32768 128 32
131328.00 843.00 -1665.00 1082130432 32768 128 1
4104.00 8246.00 -9032.00 1082130432 32768 128 32
131328.00 352.00 -1167.00 1082130432 32768 128 1
4104.00 7144.00 -7935.00 1082130432 32768 128 32
131328.00 628.00 -1364.00 1082130432 32768 128 1
4104.00 7918.00 -8754.00 1082130432 32768 128 32
131328.00 805.00 -1588.00 1082130432 32768 128 1
4104.00 7847.00 -8610.00 1082130432 32768 128 32
131328.00 336.00 -1072.00 1082130432 32768 128 1
4104.00 8113.00 -8913.00 1082130432 32768 128 32
131328.00 1432.00 -2188.00 1082130432 32768 128 1
4104.00 8085.00 -8869.00 1082130432 32768 128 32
131328.00 1178.00 -1911.00 1082130432 32768 128 1
4104.00 7533.00 -8314.00 1082130432 32768 128 32
131328.00 471.00 -1281.00 1082130432 32768 128 1
4104.00 8336.00 -9131.00 1082130432 32768 128 32
131328.00 769.00 -1551.00 1082130432 32768 128 1
4104.00 7855.00 -8694.00 1082130432 32768 128 32
131328.00 15.00 -823.00 1082130432 32768 128 1
4104.00 7590.00 -8399.00 1082130432 32768 128 32
131328.00 626.00 -1393.00 1082130432 32768 128 1
4104.00 8647.00 -9448.00 1082130432 32768 128 32
131328.00 953.00 -1734.00 1082130432 32768 128 1
4104.00 6837.00 -7647.00 1082130432 32768 128 32
131328.00 789.00 -1556.00 1082130432 32768 128 1
4104.00 7562.00 -8365.00 1082130432 32768 128 32
131328.00 293.00 -1125.00 1082130432 32768 128 1
4104.00 8591.00 -9455.00 1082130432 32768 128 32
131328.00 832.00 -1638.00 1082130432 32768 128 1
4104.00 8641.00 -9399.00 1082130432 32768 128 32
131328.00 466.00 -1268.00 1082130432 32768 128 1
4104.00 8233.00 -9056.00 1082130432 32768 128 32
131328.00 1176.00 -1993.00 1082130432 32768 128 1
4104.00 7643.00 -8486.00 1082130432 32768 128 32
131328.00 1426.00 -2170.00 1082130432 32768 128 1
4104.00 9297.00 -10139.00 1082130432 32768 128 32
131328.00 521.00 -1262.00 1082130432 32768 128 1
4104.00 7986.00 -8769.00 1082130432 32768 128 32
131328.00 798.00 -1558.00 1082130432 32768 128 1
4104.00 7454.00 -8235.00 1082130432 32768 128 32
131328.00 1487.00 -2262.00 1082130432 32768 128 1
4104.00 7512.00 -8277.00 1082130432 32768 128 32
131328.00 659.00 -1445.00 1082130432 32768 128 1
4104.00 7428.00 -8262.00 1082130432 32768 128 32
131328.00 245.00 -1076.00 1082130432 32768 128 1
4104.00 7004.00 -7816.00 1082130432 32768 128 32
131328.00 599.00 -1355.00 1082130432 32768 128 1
4104.00 8273.00 -9114.00 1082130432 32768 128 32
131328.00 1177.00 -1992.00 1082130432 32768 128 1
4104.00 6989.00 -7796.00 1082130432 32768 128 32
131328.00 846.00 -1625.00 1082130432 32768 128 1
4104.00 8881.00 -9728.00 1082130432 32768 128 32
131328.00 497.00 -1282.00 1082130432 32768 128 1
4104.00 8756.00 -9465.00 1082130432 32768 128 32
131328.00 208.00 -992.00 1082130432 32768 128 1
4104.00 7683.00 -8527.00 1082130432 32768 128 32
131328.00 391.00 -1172.00 1082130432 32768 128 1
4104.00 7313.00 -8137.00 1082130432 32768 128 32
131328.00 640.00 -1417.00 1082130432 32768 128 1
4104.00 6759.00 -7553.00 1082130432 32768 128 32
131328.00 1396.00 -2141.00 1082130432 32768 128 1
4104.00 7959.00 -8779.00 1082130432 32768 128 32
131328.00 820.00 -1596.00 1082130432 32768 128 1
4104.00 8078.00 -8846.00 1082130432 32768 128 32
131328.00 214.00 -1025.00 1082130432 32768 128 1
4104.00 8612.00 -9469.00 1082130432 32768 128 32
131328.00 1014.00 -1847.00 1082130432 32768 128 1
4104.00 8635.00 -9483.00 1082130432 32768 128 32
131328.00 399.00 -1199.00 1082130432 32768 128 1
4104.00 7452.00 -8222.00 1082130432 32768 128 32
131328.00 629.00 -1397.00 1082130432 32768 128 1
4104.00 8265.00 -9096.00 1082130432 32768 128 32
131328.00 296.00 -1044.00 1082130432 32768 128 1
4104.00 7239.00 -8069.00 1082130432 32768 128 32
131328.00 -8.00 -824.00 1082130432 32768 128 1
4104.00 8814.00 -9592.00 1082130432 32768 128 32
131328.00 1099.00 -1902.00 1082130432 32768 128 1
4104.00 8251.00 -9080.00 1082130432 32768 128 32
131328.00 844.00 -1624.00 1082130432 32768 128 1
4104.00 7029.00 -7818.00 1082130432 32768 128 32
131328.00 238.00 -987.00 1082130432 32768 128 1
4104.00 8492.00 -9338.00 1082130432 32768 128 32
131328.00 518.00 -1313.00 1082130432 32768 128 1
4104.00 8959.00 -9764.00 1082130432 32768 128 32
131328.00 690.00 -1411.00 1082130432 32768 128 1
4104.00 7441.00 -8250.00 1082130432 32768 128 32
131328.00 102.00 -852.00 1082130432 32768 128 1
4104.00 8639.00 -9400.00 1082130432 32768 128 32
131328.00 1118.00 -1883.00 1082130432 32768 128 1
4104.00 9035.00 -9795.00 1082130432 32768 128 32
131328.00 719.00 -1503.00 1082130432 32768 128 1
4104.00 7064.00 -7872.00 1082130432 32768 128 32
131328.00 685.00 -1491.00 1082130432 32768 128 1
4104.00 7952.00 -8772.00 1082130432 32768 128 32
131328.00 115.00 -884.00 1082130432 32768 128 1
4104.00 8261.00 -9037.00 1082130432 32768 128 32
131328.00 585.00 -1386.00 1082130432 32768 128 1
4104.00 7964.00 -8789.00 1082130432 32768 128 32
131328.00 -11.00 -778.00 1082130432 32768 128 1
4104.00 7923.00 -8763.00 1082130432 32768 128 32
131328.00 533.00 -1322.00 1082130432 32768 128 1
4104.00 7620.00 -8451.00 1082130432 32768 128 32
131328.00 821.00 -1590.00 1082130432 32768 128 1
4104.00 7978.00 -8750.00 1082130432 32768 128 32
131328.00 1144.00 -1949.00 1082130432 32768 128 1
4104.00 8035.00 -8807.00 1082130432 32768 128 32
131328.00 541.00 -1339.00 1082130432 32768 128 1
4104.00 8183.00 -8991.00 1082130432 32768 128 32
131328.00 1277.00 -2060.00 1082130432 32768 128 1
4104.00 9970.00 -10788.00 1082130432 32768 128 32
131328.00 665.00 -1447.00 1082130432 32768 128 1
4104.00 8128.00 -8960.00 1082130432 32768 128 32
131328.00 390.00 -1181.00 1082130432 32768 128 1
4104.00 7659.00 -8474.00 1082130432 32768 128 32
131328.00 158.00 -922.00 1082130432 32768 128 1
4104.00 7934.00 -8785.00 1082130432 32768 128 32
131328.00 1782.00 -2566.00 1082130432 32768 128 1
4104.00 9175.00 -10053.00 1082130432 32768 128 32
131328.00 377.00 -1143.00 1082130432 32768 128 1
4104.00 8953.00 -9790.00 1082130432 32768 128 32
131328.00 926.00 -1718.00 1082130432 32768 128 1
4104.00 8422.00 -9295.00 1082130432 32768 128 32
131328.00 396.00 -1163.00 1082130432 32768 128 1
4104.00 8300.00 -9103.00 1082130432 32768 128 32
131328.00 1223.00 -2000.00 1082130432 32768 128 1
4104.00 8567.00 -9366.00 1082130432 32768 128 32
131328.00 565.00 -1312.00 1082130432 32768 128 1
4104.00 7784.00 -8581.00 1082130432 32768 128 32
131328.00 598.00 -1372.00 1082130432 32768 128 1
4104.00 7422.00 -8215.00 1082130432 32768 128 32
131328.00 1205.00 -1986.00 1082130432 32768 128 1
4104.00 8413.00 -9242.00 1082130432 32768 128 32
131328.00 381.00 -1200.00 1082130432 32768 128 1
4104.00 8750.00 -9632.00 1082130432 32768 128 32
131328.00 376.00 -1153.00 1082130432 32768 128 1
4104.00 7424.00 -8232.00 1082130432 32768 128 32
131328.00 250.00 -963.00 1082130432 32768 128 1
4104.00 9540.00 -10266.00 1082130432 32768 128 32
131328.00 200.00 -999.00 1082130432 32768 128 1
4104.00 7029.00 -7803.00 1082130432 32768 128 32
131328.00 107.00 -877.00 1082130432 32768 128 1
4104.00 8421.00 -9242.00 1082130432 32768 128 32
131328.00 1265.00 -2054.00 1082130432 32768 128 1
4104.00 8364.00 -9194.00 1082130432 32768 128 32
131328.00 1040.00 -1788.00 1082130432 32768 128 1
4104.00 8157.00 -8962.00 1082130432 32768 128 32
131328.00 1510.00 -2263.00 1082130432 32768 128 1
4104.00 8733.00 -9441.00 1082130432 32768 128 32
131328.00 -14.00 -768.00 1082130432 32768 128 1
4104.00 8915.00 -9691.00 1082130432 32768 128 32
131328.00 502.00 -1305.00 1082130432 32768 128 1
4104.00 8092.00 -8859.00 1082130432 32768 128 32
131328.00 359.00 -1189.00 1082130432 32768 128 1
4104.00 8303.00 -9019.00 1082130432 32768 128 32
131328.00 -51.00 -727.00 1082130432 32768 128 1
4104.00 7489.00 -8307.00 1082130432 32768 128 32
131328.00 670.00 -1446.00 1082130432 32768 128 1
4104.00 9819.00 -10687.00 1082130432 32768 128 32
131328.00 371.00 -1153.00 1082130432 32768 128 1
4104.00 7636.00 -8441.00 1082130432 32768 128 32
131328.00 739.00 -1506.00 1082130432 32768 128 1
4104.00 8645.00 -9432.00 1082130432 32768 128 32
131328.00 1152.00 -1948.00 1082130432 32768 128 1
4104.00 8200.00 -9040.00 1082130432 32768 128 32
131328.00 410.00 -1228.00 1082130432 32768 128 1
4104.00 7980.00 -8816.00 1082130432 32768 128 32
131328.00 -38.00 -752.00 1082130432 32768 128 1
4104.00 6701.00 -7517.00 1082130432 32768 128 32
131328.00 715.00 -1527.00 1082130432 32768 128 1
4104.00 6989.00 -7825.00 1082130432 32768 128 32
131328.00 417.00 -1198.00 1082130432 32768 128 1
4104.00 8173.00 -8985.00 1082130432 32768 128 32
131328.00 465.00 -1282.00 1082130432 32768 128 1
4104.00 9061.00 -9772.00 1082130432 32768 128 32
131328.00 420.00 -1174.00 1082130432 32768 128 1
4104.00 8624.00 -9434.00 1082130432 32768 128 32
131328.00 963.00 -1712.00 1082130432 32768 128 1
4104.00 8137.00 -8985.00 1082130432 32768 128 32
131328.00 51.00 -822.00 1082130432 32768 128 1
4104.00 8587.00 -9448.00 1082130432 32768 128 32
131328.00 1058.00 -1794.00 1082130432 32768 128 1
4104.00 8994.00 -9824.00 1082130432 32768 128 32
131328.00 185.00 -996.00 1082130432 32768 128 1
4104.00 7331.00 -8133.00 1082130432 32768 128 32
131328.00 368.00 -1174.00 1082130432 32768 128 1
4104.00 8935.00 -9717.00 1082130432 32768 128 32
131328.00 318.00 -1121.00 1082130432 32768 128 1
4104.00 7121.00 -7920.00 1082130432 32768 128 32
131328.00 1614.00 -2405.00 1082130432 32768 128 1
4104.00 7979.00 -8749.00 1082130432 32768 128 32
131328.00 1220.00 -1996.00 1082130432 32768 128 1
4104.00 8179.00 -8899.00 1082130432 32768 128 32
131328.00 1049.00 -1803.00 1082130432 32768 128 1
4104.00 7526.00 -8269.00 1082130432 32768 128 32
131328.00 1084.00 -1861.00 1082130432 32768 128 1
4104.00 8049.00 -8802.00 1082130432 32768 128 32
131328.00 743.00 -1524.00 1082130432 32768 128 1
4104.00 7771.00 -8589.00 1082130432 32768 128 32
131328.00 650.00 -1433.00 1082130432 32768 128 1
4104.00 7631.00 -8393.00 1082130432 32768 128 32
131328.00 1209.00 -2049.00 1082130432 32768 128 1
4104.00 7776.00 -8623.00 1082130432 32768 128 32
131328.00 184.00 -962.00 1082130432 32768 128 1
4104.00 9927.00 -10680.00 1082130432 32768 128 32
131328.00 347.00 -1132.00 1082130432 32768 128 1
4104.00 6975.00 -7762.00 1082130432 32768 128 32
131328.00 1071.00 -1870.00 1082130432 32768 128 1
4104.00 7215.00 -7969.00 1082130432 32768 128 32
131328.00 1425.00 -2160.00 1082130432 32768 128 1
4104.00 7466.00 -8246.00 1082130432 32768 128 32
131328.00 1480.00 -2256.00 1082130432 32768 128 1
4104.00 7650.00 -8403.00 1082130432 32768 128 32
131328.00 535.00 -1292.00 1082130432 32768 128 1
4104.00 8587.00 -9335.00 1082130432 32768 128 32
131328.00 554.00 -1329.00 1082130432 32768 128 1
4104.00 8031.00 -8882.00 1082130432 32768 128 32
131328.00 1703.00 -2498.00 1082130432 32768 128 1
4104.00 8313.00 -9124.00 1082130432 32768 128 32
131328.00 781.00 -1628.00 1082130432 32768 128 1
4104.00 8270.00 -9117.00 1082130432 32768 128 32
131328.00 680.00 -1508.00 1082130432 32768 128 1
4104.00 7871.00 -8702.00 1082130432 32768 128 32
131328.00 206.00 -984.00 1082130432 32768 128 1
4104.00 8383.00 -9205.00 1082130432 32768 128 32
131328.00 1374.00 -2162.00 1082130432 32768 128 1
4104.00 7810.00 -8663.00 1082130432 32768 128 32
131328.00 1155.00 -1961.00 1082130432 32768 128 1
4104.00 8056.00 -8905.00 1082130432 32768 128 32
131328.00 496.00 -1289.00 1082130432 32768 128 1
4104.00 7365.00 -8183.00 1082130432 32768 128 32
131328.00 476.00 -1233.00 1082130432 32768 128 1
4104.00 7005.00 -7822.00 1082130432 32768 128 32
131328.00 -68.00 -698.00 1082130432 32768 128 1
4104.00 8573.00 -9355.00 1082130432 32768 128 32
131328.00 451.00 -1261.00 1082130432 32768 128 1
4104.00 8971.00 -9879.00 1082130432 32768 128 32
131328.00 111.00 -877.00 1082130432 32768 128 1
4104.00 7855.00 -8655.00 1082130432 32768 128 32
131328.00 1140.00 -1913.00 1082130432 32768 128 1
4104.00 7438.00 -8284.00 1082130432 32768 128 32
131328.00 1067.00 -1805.00 1082130432 32768 128 1
4104.00 8080.00 -8908.00 1082130432 32768 128 32
131328.00 1268.00 -2014.00 1082130432 32768 128 1
4104.00 8243.00 -9047.00 1082130432 32768 128 32
131328.00 163.00 -903.00 1082130432 32768 128 1
4104.00 8151.00 -8929.00 1082130432 32768 128 32
131328.00 1374.00 -2182.00 1082130432 32768 128 1
4104.00 8672.00 -9541.00 1082130432 32768 128 32
131328.00 788.00 -1541.00 1082130432 32768 128 1
4104.00 7375.00 -8215.00 1082130432 32768 128 32
131328.00 -109.00 -658.00 1082130432 32768 128 1
4104.00 8680.00 -9549.00 1082130432 32768 128 32
131328.00 847.00 -1639.00 1082130432 32768 128 1
4104.00 8260.00 -9059.00 1082130432 32768 128 32
131328.00 35.00 -827.00 1082130432 32768 128 1
4104.00 8448.00 -9291.00 1082130432 32768 128 32
131328.00 1192.00 -1981.00 1082130432 32768 128 1
4104.00 7197.00 -7978.00 1082130432 32768 128 32
131328.00 614.00 -1398.00 1082130432 32768 128 1
4104.00 8081.00 -8835.00 1082130432 32768 128 32
131328.00 1534.00 -2294.00 1082130432 32768 128 1
4104.00 9163.00 -9926.00 1082130432 32768 128 32
131328.00 1195.00 -1959.00 1082130432 32768 128 1
4104.00 9366.00 -10192.00 1082130432 32768 128 32
131328.00 495.00 -1221.00 1082130432 32768 128 1
4104.00 7592.00 -8448.00 1082130432 32768 128 32
131328.00 578.00 -1369.00 1082130432 32768 128 1
4104.00 8624.00 -9484.00 1082130432 32768 128 32
131328.00 830.00 -1579.00 1082130432 32768 128 1
4104.00 7653.00 -8450.00 1082130432 32768 128 32
131328.00 441.00 -1219.00 1082130432 32768 128 1
4104.00 7940.00 -8791.00 1082130432 32768 128 32
131328.00 526.00 -1266.00 1082130432 32768 128 1
4104.00 8733.00 -9603.00 1082130432 32768 128 32
131328.00 651.00 -1423.00 1082130432 32768 128 1
4104.00 8813.00 -9627.00 1082130432 32768 128 32
131328.00 855.00 -1647.00 1082130432 32768 128 1
4104.00 8530.00 -9393.00 1082130432 32768 128 32
131328.00 998.00 -1782.00 1082130432 32768 128 1
4104.00 7921.00 -8734.00 1082130432 32768 128 32
131328.00 170.00 -940.00 1082130432 32768 128 1
4104.00 8221.00 -9009.00 1082130432 32768 128 32
131328.00 1134.00 -1906.00 1082130432 32768 128 1
4104.00 6700.00 -7464.00 1082130432 32768 128 32
131328.00 1266.00 -2065.00 1082130432 32768 128 1
4104.00 7619.00 -8447.00 1082130432 32768 128 32
131328.00 427.00 -1253.00 1082130432 32768 128 1
4104.00 8285.00 -9113.00 1082130432 32768 128 32
131328.00 1084.00 -1880.00 1082130432 32768 128 1
4104.00 8259.00 -9127.00 1082130432 32768 128 32
131328.00 531.00 -1310.00 1082130432 32768 128 1
4104.00 8268.00 -9077.00 1082130432 32768 128 32
131328.00 862.00 -1661.00 1082130432 32768 128 1
4104.00 7573.00 -8430.00 1082130432 32768 128 32
131328.00 1843.00 -2633.00 1082130432 32768 128 1
4104.00 6653.00 -7457.00 1082130432 32768 128 32
131328.00 1430.00 -2235.00 1082130432 32768 128 1
4104.00 7358.00 -8180.00 1082130432 32768 128 32
131328.00 401.00 -1213.00 1082130432 32768 128 1
4104.00 8107.00 -8951.00 1082130432 32768 128 32
131328.00 573.00 -1344.00 1082130432 32768 128 1
4104.00 8411.00 -9165.00 1082130432 32768 128 32
131328.00 850.00 -1655.00 1082130432 32768 128 1
4104.00 7366.00 -8187.00 1082130432 32768 128 32
131328.00 216.00 -1026.00 1082130432 32768 128 1
4104.00 9555.00 -10348.00 1082130432 32768 128 32
131328.00 527.00 -1334.00 1082130432 32768 128 1
4104.00 7597.00 -8385.00 1082130432 32768 128 32
131328.00 621.00 -1407.00 1082130432 32768 128 1
4104.00 7746.00 -8536.00 1082130432 32768 128 32
131328.00 1622.00 -2381.00 1082130432 32768 128 1
4104.00 8642.00 -9430.00 1082130432 32768 128 32
131328.00 815.00 -1615.00 1082130432 32768 128 1
4104.00 6689.00 -7487.00 1082130432 32768 128 32
131328.00 968.00 -1730.00 1082130432 32768 128 1
4104.00 9608.00 -10467.00 1082130432 32768 128 32
131328.00 484.00 -1260.00 1082130432 32768 128 1
4104.00 7167.00 -7984.00 1082130432 32768 128 32
131328.00 198.00 -938.00 1082130432 32768 128 1
4104.00 9198.00 -10080.00 1082130432 32768 128 32
131328.00 493.00 -1258.00 1082130432 32768 128 1
4104.00 9181.00 -10030.00 1082130432 32768 128 32
131328.00 1491.00 -2275.00 1082130432 32768 128 1
4104.00 7731.00 -8529.00 1082130432 32768 128 32
131328.00 784.00 -1576.00 1082130432 32768 128 1
4104.00 7602.00 -8396.00 1082130432 32768 128 32
131328.00 865.00 -1617.00 1082130432 32768 128 1
4104.00 8034.00 -8790.00 1082130432 32768 128 32
131328.00 85.00 -865.00 1082130432 32768 128 1
4104.00 7486.00 -8277.00 1082130432 32768 128 32
131328.00 202.00 -971.00 1082130432 32768 128 1
4104.00 8173.00 -8937.00 1082130432 32768 128 32
131328.00 408.00 -1243.00 1082130432 32768 128 1
4104.00 7537.00 -8343.00 1082130432 32768 128 32
131328.00 8.00 -824.00 1082130432 32768 128 1
4104.00 8116.00 -8929.00 1082130432 32768 128 32
131328.00 1482.00 -2347.00 1082130432 32768 128 1
4104.00 8310.00 -9107.00 1082130432 32768 128 32
131328.00 1283.00 -2049.00 1082130432 32768 128 1
4104.00 8295.00 -9066.00 1082130432 32768 128 32
131328.00 948.00 -1721.00 1082130432 32768 128 1
4104.00 8819.00 -9577.00 1082130432 32768 128 32
131328.00 760.00 -1521.00 1082130432 32768 128 1
4104.00 6913.00 -7728.00 1082130432 32768 128 32
131328.00 345.00 -1153.00 1082130432 32768 128 1
4104.00 7232.00 -8013.00 1082130432 32768 128 32
131328.00 -208.00 -559.00 1082130432 32768 128 1
4104.00 8304.00 -9129.00 1082130432 32768 128 32
131328.00 664.00 -1440.00 1082130432 32768 128 1
4104.00 8277.00 -9051.00 1082130432 32768 128 32
131328.00 759.00 -1548.00 1082130432 32768 128 1
4104.00 7267.00 -8100.00 1082130432 32768 128 32
131328.00 80.00 -871.00 1082130432 32768 128 1
4104.00 9322.00 -10119.00 1082130432 32768 128 32
131328.00 1252.00 -2020.00 1082130432 32768 128 1
4104.00 6966.00 -7743.00 1082130432 32768 128 32
131328.00 757.00 -1522.00 1082130432 32768 128 1
4104.00 9181.00 -10042.00 1082130432 32768 128 32
131328.00 725.00 -1491.00 1082130432 32768 128 1
4104.00 8497.00 -9213.00 1082130432 32768 128 32
131328.00 518.00 -1277.00 1082130432 32768 128 1
4104.00 9697.00 -10525.00 1082130432 32768 128 32
131328.00 594.00 -1404.00 1082130432 32768 128 1
4104.00 7328.00 -8170.00 1082130432 32768 128 32
131328.00 1012.00 -1830.00 1082130432 32768 128 1
4104.00 7285.00 -8065.00 1082130432 32768 128 32
131328.00 892.00 -1637.00 1082130432 32768 128 1
4104.00 8149.00 -8995.00 1082130432 32768 128 32
131328.00 1338.00 -2114.00 1082130432 32768 128 1
4104.00 8403.00 -9198.00 1082130432 32768 128 32
131328.00 893.00 -1683.00 1082130432 32768 128 1
4104.00 9139.00 -10035.00 1082130432 32768 128 32
131328.00 399.00 -1199.00 1082130432 32768 128 1
4104.00 7873.00 -8704.00 1082130432 32768 128 32
131328.00 1331.00 -2116.00 1082130432 32768 128 1
4104.00 8395.00 -9237.00 1082130432 32768 128 32
131328.00 -31.00 -762.00 1082130432 32768 128 1
4104.00 7840.00 -8650.00 1082130432 32768 128 32
131328.00 1034.00 -1793.00 1082130432 32768 128 1
4104.00 8029.00 -8823.00 1082130432 32768 128 32
131328.00 145.00 -922.00 1082130432 32768 128 1
4104.00 8400.00 -9236.00 1082130432 32768 128 32
131328.00 672.00 -1413.00 1082130432 32768 128 1
4104.00 8076.00 -8868.00 1082130432 32768 128 32
131328.00 335.00 -1106.00 1082130432 32768 128 1
4104.00 7621.00 -8418.00 1082130432 32768 128 32
131328.00 303.00 -1040.00 1082130432 32768 128 1
4104.00 9119.00 -9971.00 1082130432 32768 128 32
131328.00 769.00 -1555.00 1082130432 32768 128 1
4104.00 8372.00 -9231.00 1082130432 32768 128 32
131328.00 1426.00 -2220.00 1082130432 32768 128 1
4104.00 7424.00 -8179.00 1082130432 32768 128 32
131328.00 600.00 -1452.00 1082130432 32768 128 1
4104.00 7667.00 -8461.00 1082130432 32768 128 32
131328.00 508.00 -1280.00 1082130432 32768 128 1
4104.00 7838.00 -8645.00 1082130432 32768 128 32
131328.00 1145.00 -1916.00 1082130432 32768 128 1
4104.00 7913.00 -8783.00 1082130432 32768 128 32
131328.00 1079.00 -1878.00 1082130432 32768 128 1
4104.00 8306.00 -9140.00 1082130432 32768 128 32
131328.00 270.00 -1017.00 1082130432 32768 128 1
4104.00 7944.00 -8736.00 1082130432 32768 128 32
131328.00 1211.00 -1980.00 1082130432 32768 128 1
4104.00 8080.00 -8882.00 1082130432 32768 128 32
131328.00 661.00 -1400.00 1082130432 32768 128 1
4104.00 6873.00 -7678.00 1082130432 32768 128 32
131328.00 474.00 -1219.00 1082130432 32768 128 1
4104.00 7564.00 -8361.00 1082130432 32768 128 32
131328.00 389.00 -1153.00 1082130432 32768 128 1
4104.00 8246.00 -9033.00 1082130432 32768 128 32
131328.00 1208.00 -1962.00 1082130432 32768 128 1
4104.00 6700.00 -7477.00 1082130432 32768 128 32
131328.00 782.00 -1569.00 1082130432 32768 128 1
4104.00 7755.00 -8512.00 1082130432 32768 128 32
131328.00 173.00 -915.00 1082130432 32768 128 1
4104.00 8139.00 -8960.00 1082130432 32768 128 32
131328.00 106.00 -857.00 1082130432 32768 128 1
4104.00 7314.00 -8089.00 1082130432 32768 128 32
131328.00 418.00 -1208.00 1082130432 32768 128 1
4104.00 7194.00 -7986.00 1082130432 32768 128 32
131328.00 222.00 -1017.00 1082130432 32768 128 1
4104.00 7183.00 -7974.00 1082130432 32768 128 32
131328.00 1351.00 -2130.00 1082130432 32768 128 1
4104.00 7075.00 -7892.00 1082130432 32768 128 32
131328.00 24.00 -779.00 1082130432 32768 128 1
4104.00 7706.00 -8552.00 1082130432 32768 128 32
131328.00 1567.00 -2360.00 1082130432 32768 128 1
4104.00 7717.00 -8457.00 1082130432 32768 128 32
131328.00 673.00 -1451.00 1082130432 32768 128 1
4104.00 8230.00 -9021.00 1082130432 32768 128 32
131328.00 1128.00 -1881.00 1082130432 32768 128 1
4104.00 7537.00 -8369.00 1082130432 32768 128 32
131328.00 1318.00 -2095.00 1082130432 32768 128 1
4104.00 8531.00 -9373.00 1082130432 32768 128 32
131328.00 1837.00 -2610.00 1082130432 32768 128 1
4104.00 8448.00 -9211.00 1082130432 32768 128 32
131328.00 -90.00 -687.00 1082130432 32768 128 1
4104.00 8787.00 -9647.00 1082130432 32768 128 32
131328.00 583.00 -1332.00 1082130432 32768 128 1
4104.00 7887.00 -8723.00 1082130432 32768 128 32
131328.00 1338.00 -2138.00 1082130432 32768 128 1
4104.00 7637.00 -8467.00 1082130432 32768 128 32
131328.00 -208.00 -587.00 1082130432 32768 128 1
4104.00 8237.00 -8973.00 1082130432 32768 128 32
131328.00 122.00 -909.00 1082130432 32768 128 1
4104.00 8333.00 -9074.00 1082130432 32768 128 32
131328.00 1344.00 -2070.00 1082130432 32768 128 1
4104.00 8412.00 -9203.00 1082130432 32768 128 32
131328.00 654.00 -1443.00 1082130432 32768 128 1
4104.00 8229.00 -9008.00 1082130432 32768 128 32
131328.00 1231.00 -1985.00 1082130432 32768 128 1
4104.00 6799.00 -7591.00 1082130432 32768 128 32
131328.00 1269.00 -2046.00 1082130432 32768 128 1
4104.00 7109.00 -7881.00 1082130432 32768 128 32
131328.00 446.00 -1201.00 1082130432 32768 128 1
4104.00 7051.00 -7835.00 1082130432 32768 128 32
131328.00 405.00 -1165.00 1082130432 32768 128 1
4104.00 7262.00 -8071.00 1082130432 32768 128 32
131328.00 1519.00 -2310.00 1082130432 32768 128 1
4104.00 9222.00 -10097.00 1082130432 32768 128 32
131328.00 511.00 -1282.00 1082130432 32768 128 1
4104.00 8202.00 -8997.00 1082130432 32768 128 32
131328.00 1136.00 -1911.00 1082130432 32768 128 1
4104.00 9246.00 -10148.00 1082130432 32768 128 32
131328.00 1317.00 -2113.00 1082130432 32768 128 1
4104.00 7664.00 -8460.00 1082130432 32768 128 32
131328.00 727.00 -1497.00 1082130432 32768 128 1
4104.00 8683.00 -9526.00 1082130432 32768 128 32
131328.00 820.00 -1603.00 1082130432 32768 128 1
4104.00 8937.00 -9783.00 1082130432 32768 128 32
131328.00 677.00 -1441.00 1082130432 32768 128 1
4104.00 8575.00 -9378.00 1082130432 32768 128 32
131328.00 320.00 -1127.00 1082130432 32768 128 1
4104.00 7525.00 -8312.00 1082130432 32768 128 32
131328.00 352.00 -1156.00 1082130432 32768 128 1
4104.00 9981.00 -10699.00 1082130432 32768 128 32
131328.00 592.00 -1403.00 1082130432 32768 128 1
4104.00 8453.00 -9157.00 1082130432 32768 128 32
131328.00 1261.00 -2012.00 1082130432 32768 128 1
4104.00 8162.00 -8900.00 1082130432 32768 128 32
131328.00 368.00 -1173.00 1082130432 32768 128 1
4104.00 6957.00 -7714.00 1082130432 32768 128 32
131328.00 1479.00 -2262.00 1082130432 32768 128 1
4104.00 7768.00 -8593.00 1082130432 32768 128 32
131328.00 389.00 -1198.00 1082130432 32768 128 1
4104.00 7709.00 -8546.00 1082130432 32768 128 32
131328.00 320.00 -1101.00 1082130432 32768 128 1
4104.00 6857.00 -7629.00 1082130432 32768 128 32
131328.00 65.00 -844.00 1082130432 32768 128 1
4104.00 7950.00 -8705.00 1082130432 32768 128 32
131328.00 289.00 -1054.00 1082130432 32768 128 1
4104.00 6919.00 -7709.00 1082130432 32768 128 32
131328.00 237.00 -1024.00 1082130432 32768 128 1
4104.00 7882.00 -8679.00 1082130432 32768 128 32
131328.00 332.00 -1118.00 1082130432 32768 128 1
4104.00 8227.00 -9008.00 1082130432 32768 128 32
131328.00 -17.00 -736.00 1082130432 32768 128 1
4104.00 8496.00 -9248.00 1082130432 32768 128 32
131328.00 1319.00 -2088.00 1082130432 32768 128 1
4104.00 7198.00 -8008.00 1082130432 32768 128 32
131328.00 886.00 -1685.00 1082130432 32768 128 1
4104.00 8836.00 -9602.00 1082130432 32768 128 32
131328.00 209.00 -998.00 1082130432 32768 128 1
4104.00 8553.00 -9343.00 1082130432 32768 128 32
131328.00 300.00 -1104.00 1082130432 32768 128 1
4104.00 8520.00 -9373.00 1082130432 32768 128 32
131328.00 350.00 -1150.00 1082130432 32768 128 1
4104.00 7493.00 -8320.00 1082130432 32768 128 32
131328.00 671.00 -1470.00 1082130432 32768 128 1
4104.00 8021.00 -8804.00 1082130432 32768 128 32
131328.00 470.00 -1222.00 1082130432 32768 128 1
4104.00 7936.00 -8700.00 1082130432 32768 128 32
131328.00 109.00 -874.00 1082130432 32768 128 1
4104.00 7010.00 -7829.00 1082130432 32768 128 32
131328.00 840.00 -1632.00 1082130432 32768 128 1
4104.00 7323.00 -8114.00 1082130432 32768 128 32
131328.00 -353.00 -456.00 1082130432 32768 128 1
4104.00 7686.00 -8465.00 1082130432 32768 128 32
131328.00 506.00 -1300.00 1082130432 32768 128 1
4104.00 8312.00 -9137.00 1082130432 32768 128 32
131328.00 1397.00 -2177.00 1082130432 32768 128 1
4104.00 8163.00 -8963.00 1082130432 32768 128 32
131328.00 1080.00 -1853.00 1082130432 32768 128 1
4104.00 8033.00 -8859.00 1082130432 32768 128 32
131328.00 900.00 -1683.00 1082130432 32768 128 1
4104.00 8030.00 -8762.00 1082130432 32768 128 32
131328.00 294.00 -1048.00 1082130432 32768 128 1
4104.00 7073.00 -7860.00 1082130432 32768 128 32
131328.00 1234.00 -2013.00 1082130432 32768 128 1
4104.00 7957.00 -8777.00 1082130432 32768 128 32
131328.00 241.00 -1026.00 1082130432 32768 128 1
4104.00 8531.00 -9366.00 1082130432 32768 128 32
131328.00 558.00 -1356.00 1082130432 32768 128 1
4104.00 7704.00 -8514.00 1082130432 32768 128 32
131328.00 655.00 -1402.00 1082130432 32768 128 1
4104.00 7443.00 -8292.00 1082130432 32768 128 32
131328.00 602.00 -1392.00 1082130432 32768 128 1
4104.00 6865.00 -7621.00 1082130432 32768 128 32
131328.00 547.00 -1307.00 1082130432 32768 128 1
4104.00 8197.00 -9049.00 1082130432 32768 128 32
131328.00 277.00 -1040.00 1082130432 32768 128 1
4104.00 8728.00 -9591.00 1082130432 32768 128 32
131328.00 320.00 -1090.00 1082130432 32768 128 1
4104.00 8652.00 -9518.00 1082130432 32768 128 32
131328.00 1088.00 -1903.00 1082130432 32768 128 1
4104.00 8947.00 -9801.00 1082130432 32768 128 32
131328.00 112.00 -883.00 1082130432 32768 128 1
4104.00 9340.00 -10208.00 1082130432 32768 128 32
131328.00 515.00 -1305.00 1082130432 32768 128 1
4104.00 8245.00 -8977.00 1082130432 32768 128 32
131328.00 1685.00 -2421.00 1082130432 32768 128 1
4104.00 8326.00 -9208.00 1082130432 32768 128 32
131328.00 317.00 -1075.00 1082130432 32768 128 1
4104.00 8499.00 -9271.00 1082130432 32768 128 32
131328.00 141.00 -901.00 1082130432 32768 128 1
4104.00 8466.00 -9239.00 1082130432 32768 128 32
131328.00 1082.00 -1836.00 1082130432 32768 128 1
4104.00 7918.00 -8624.00 1082130432 32768 128 32
131328.00 463.00 -1243.00 1082130432 32768 128 1
4104.00 8433.00 -9206.00 1082130432 32768 128 32
131328.00 1091.00 -1877.00 1082130432 32768 128 1
4104.00 6435.00 -7229.00 1082130432 32768 128 32
131328.00 979.00 -1738.00 1082130432 32768 128 1
4104.00 6729.00 -7504.00 1082130432 32768 128 32
131328.00 596.00 -1378.00 1082130432 32768 128 1
4104.00 7263.00 -8049.00 1082130432 32768 128 32
131328.00 950.00 -1727.00 1082130432 32768 128 1
4104.00 7137.00 -7919.00 1082130432 32768 128 32
131328.00 1185.00 -1986.00 1082130432 32768 128 1
4104.00 8279.00 -9063.00 1082130432 32768 128 32
131328.00 1382.00 -2113.00 1082130432 32768 128 1
4104.00 7581.00 -8368.00 1082130432 32768 128 32
131328.00 179.00 -932.00 1082130432 32768 128 1
4104.00 7346.00 -8127.00 1082130432 32768 128 32
131328.00 344.00 -1106.00 1082130432 32768 128 1
4104.00 8436.00 -9281.00 1082130432 32768 128 32
131328.00 1152.00 -1934.00 1082130432 32768 128 1
4104.00 8063.00 -8852.00 1082130432 32768 128 32
131328.00 1369.00 -2120.00 1082130432 32768 128 1
4104.00 8982.00 -9861.00 1082130432 32768 128 32
131328.00 452.00 -1236.00 1082130432 32768 128 1
4104.00 7860.00 -8699.00 1082130432 32768 128 32
131328.00 777.00 -1557.00 1082130432 32768 128 1
4104.00 8969.00 -9846.00 1082130432 32768 128 32
131328.00 752.00 -1490.00 1082130432 32768 128 1
4104.00 6755.00 -7553.00 1082130432 32768 128 32
131328.00 660.00 -1422.00 1082130432 32768 128 1
4104.00 6625.00 -7456.00 1082130432 32768 128 32
131328.00 955.00 -1727.00 1082130432 32768 128 1
4104.00 8408.00 -9185.00 1082130432 32768 128 32
131328.00 1089.00 -1844.00 1082130432 32768 128 1
4104.00 7472.00 -8257.00 1082130432 32768 128 32
131328.00 549.00 -1329.00 1082130432 32768 128 1
4104.00 7125.00 -7933.00 1082130432 32768 128 32
131328.00 617.00 -1387.00 1082130432 32768 128 1
4104.00 7488.00 -8275.00 1082130432 32768 128 32
131328.00 129.00 -921.00 1082130432 32768 128 1
4104.00 7415.00 -8200.00 1082130432 32768 128 32
131328.00 313.00 -1078.00 1082130432 32768 128 1
4104.00 9606.00 -10346.00 1082130432 32768 128 32
131328.00 432.00 -1219.00 1082130432 32768 128 1
4104.00 7979.00 -8751.00 1082130432 32768 128 32
131328.00 1691.00 -2461.00 1082130432 32768 128 1
4104.00 7412.00 -8219.00 1082130432 32768 128 32
131328.00 656.00 -1473.00 1082130432 32768 128 1
4104.00 6648.00 -7494.00 1082130432 32768 128 32
131328.00 1341.00 -2138.00 1082130432 32768 128 1
4104.00 8194.00 -8959.00 1082130432 32768 128 32
131328.00 30.00 -855.00 1082130432 32768 128 1
4104.00 7498.00 -8325.00 1082130432 32768 128 32
131328.00 574.00 -1339.00 1082130432 32768 128 1
4104.00 9249.00 -10077.00 1082130432 32768 128 32
131328.00 1054.00 -1864.00 1082130432 32768 128 1
4104.00 8403.00 -9246.00 1082130432 32768 128 32
131328.00 478.00 -1280.00 1082130432 32768 128 1
4104.00 7428.00 -8204.00 1082130432 32768 128 32
131328.00 972.00 -1759.00 1082130432 32768 128 1
4104.00 9310.00 -10151.00 1082130432 32768 128 32
131328.00 348.00 -1105.00 1082130432 32768 128 1
4104.00 8272.00 -9088.00 1082130432 32768 128 32
131328.00 1632.00 -2427.00 1082130432 32768 128 1
4104.00 6971.00 -7745.00 1082130432 32768 128 32
131328.00 464.00 -1241.00 1082130432 32768 128 1
4104.00 9085.00 -9840.00 1082130432 32768 128 32
131328.00 729.00 -1474.00 1082130432 32768 128 1
4104.00 9025.00 -9796.00 1082130432 32768 128 32
131328.00 679.00 -1481.00 1082130432 32768 128 1
4104.00 8165.00 -8940.00 1082130432 32768 128 32
131328.00 1481.00 -2264.00 1082130432 32768 128 1
4104.00 8174.00 -8955.00 1082130432 32768 128 32
131328.00 1617.00 -2397.00 1082130432 32768 128 1
4104.00 6976.00 -7758.00 1082130432 32768 128 32
131328.00 521.00 -1336.00 1082130432 32768 128 1
4104.00 7705.00 -8474.00 1082130432 32768 128 32
131328.00 629.00 -1429.00 1082130432 32768 128 1
4104.00 8190.00 -9056.00 1082130432 32768 128 32
131328.00 856.00 -1633.00 1082130432 32768 128 1
4104.00 7683.00 -8504.00 1082130432 32768 128 32
131328.00 52.00 -820.00 1082130432 32768 128 1
4104.00 7947.00 -8692.00 1082130432 32768 128 32
131328.00 138.00 -882.00 1082130432 32768 128 1
4104.00 7857.00 -8661.00 1082130432 32768 128 32
131328.00 1250.00 -1990.00 1082130432 32768 128 1
4104.00 8447.00 -9243.00 1082130432 32768 128 32
131328.00 552.00 -1329.00 1082130432 32768 128 1
4104.00 8464.00 -9216.00 1082130432 32768 128 32
131328.00 692.00 -1499.00 1082130432 32768 128 1
4104.00 8120.00 -8893.00 1082130432 32768 128 32
131328.00 1534.00 -2315.00 1082130432 32768 128 1
4104.00 7319.00 -8116.00 1082130432 32768 128 32
131328.00 367.00 -1148.00 1082130432 32768 128 1
4104.00 7882.00 -8708.00 1082130432 32768 128 32
131328.00 315.00 -1081.00 1082130432 32768 128 1
4104.00 8272.00 -9049.00 1082130432 32768 128 32
131328.00 1558.00 -2352.00 1082130432 32768 128 1
4104.00 8422.00 -9203.00 1082130432 32768 128 32
131328.00 1642.00 -2448.00 1082130432 32768 128 1
4104.00 7276.00 -8095.00 1082130432 32768 128 32
131328.00 330.00 -1139.00 1082130432 32768 128 1
4104.00 7794.00 -8605.00 1082130432 32768 128 32
131328.00 1541.00 -2332.00 1082130432 32768 128 1
4104.00 7756.00 -8526.00 1082130432 32768 128 32
131328.00 1538.00 -2307.00 1082130432 32768 128 1
4104.00 8566.00 -9407.00 1082130432 32768 128 32
131328.00 1103.00 -1895.00 1082130432 32768 128 1
4104.00 6854.00 -7646.00 1082130432 32768 128 32
131328.00 479.00 -1272.00 1082130432 32768 128 1
4104.00 9638.00 -10512.00 1082130432 32768 128 32
131328.00 499.00 -1300.00 1082130432 32768 128 1
4104.00 7545.00 -8349.00 1082130432 32768 128 32
131328.00 384.00 -1134.00 1082130432 32768 128 1
4104.00 8611.00 -9329.00 1082130432 32768 128 32
131328.00 1104.00 -1827.00 1082130432 32768 128 1
4104.00 7926.00 -8671.00 1082130432 32768 128 32
131328.00 1117.00 -1861.00 1082130432 32768 128 1
4104.00 7083.00 -7876.00 1082130432 32768 128 32
131328.00 476.00 -1276.00 1082130432 32768 128 1
4104.00 9031.00 -9826.00 1082130432 32768 128 32
131328.00 1323.00 -2107.00 1082130432 32768 128 1
4104.00 8038.00 -8868.00 1082130432 32768 128 32
131328.00 387.00 -1191.00 1082130432 32768 128 1
4104.00 8041.00 -8808.00 1082130432 32768 128 32
131328.00 1509.00 -2295.00 1082130432 32768 128 1
4104.00 8297.00 -9140.00 1082130432 32768 128 32
131328.00 1235.00 -2013.00 1082130432 32768 128 1
4104.00 7083.00 -7862.00 1082130432 32768 128 32
131328.00 569.00 -1320.00 1082130432 32768 128 1
4104.00 9043.00 -9886.00 1082130432 32768 128 32
131328.00 92.00 -811.00 1082130432 32768 128 1
4104.00 8137.00 -8874.00 1082130432 32768 128 32
131328.00 618.00 -1378.00 1082130432 32768 128 1
4104.00 7577.00 -8346.00 1082130432 32768 128 32
131328.00 527.00 -1291.00 1082130432 32768 128 1
4104.00 7908.00 -8711.00 1082130432 32768 128 32
131328.00 638.00 -1389.00 1082130432 32768 128 1
4104.00 9000.00 -9846.00 1082130432 32768 128 32
131328.00 800.00 -1582.00 1082130432 32768 128 1
4104.00 8313.00 -9203.00 1082130432 32768 128 32
131328.00 289.00 -1108.00 1082130432 32768 128 1
4104.00 7652.00 -8455.00 1082130432 32768 128 32
131328.00 1311.00 -2105.00 1082130432 32768 128 1
4104.00 7940.00 -8725.00 1082130432 32768 128 32
131328.00 1431.00 -2218.00 1082130432 32768 128 1
4104.00 7899.00 -8695.00 1082130432 32768 128 32
131328.00 220.00 -993.00 1082130432 32768 128 1
4104.00 8006.00 -8871.00 1082130432 32768 128 32
131328.00 1429.00 -2247.00 1082130432 32768 128 1
4104.00 7876.00 -8640.00 1082130432 32768 128 32
131328.00 596.00 -1360.00 1082130432 32768 128 1
4104.00 8244.00 -9053.00 1082130432 32768 128 32
131328.00 195.00 -991.00 1082130432 32768 128 1
4104.00 8297.00 -9101.00 1082130432 32768 128 32
131328.00 559.00 -1327.00 1082130432 32768 128 1
4104.00 7694.00 -8556.00 1082130432 32768 128 32
131328.00 -6.00 -747.00 1082130432 32768 128 1
4104.00 8564.00 -9362.00 1082130432 32768 128 32
131328.00 1597.00 -2361.00 1082130432 32768 128 1
4104.00 9384.00 -10069.00 1082130432 32768 128 32
131328.00 655.00 -1454.00 1082130432 32768 128 1
4104.00 6797.00 -7612.00 1082130432 32768 128 32
131328.00 167.00 -935.00 1082130432 32768 128 1
4104.00 9221.00 -10083.00 1082130432 32768 128 32
131328.00 708.00 -1528.00 1082130432 32768 128 1
4104.00 7511.00 -8315.00 1082130432 32768 128 32
131328.00 670.00 -1443.00 1082130432 32768 128 1
4104.00 7372.00 -8177.00 1082130432 32768 128 32
131328.00 410.00 -1190.00 1082130432 32768 128 1
4104.00 9080.00 -9794.00 1082130432 32768 128 32
131328.00 333.00 -1109.00 1082130432 32768 128 1
4104.00 6549.00 -7348.00 1082130432 32768 128 32
131328.00 385.00 -1182.00 1082130432 32768 128 1
4104.00 7405.00 -8221.00 1082130432 32768 128 32
131328.00 42.00 -810.00 1082130432 32768 128 1
4104.00 8606.00 -9378.00 1082130432 32768 128 32
131328.00 741.00 -1488.00 1082130432 32768 128 1
4104.00 7360.00 -8176.00 1082130432 32768 128 32
131328.00 222.00 -1005.00 1082130432 32768 128 1
4104.00 7021.00 -7819.00 1082130432 32768 128 32
131328.00 113.00 -833.00 1082130432 32768 128 1
4104.00 9063.00 -9901.00 1082130432 32768 128 32
131328.00 400.00 -1166.00 1082130432 32768 128 1
4104.00 7829.00 -8646.00 1082130432 32768 128 32
131328.00 1178.00 -1978.00 1082130432 32768 128 1
4104.00 8702.00 -9574.00 1082130432 32768 128 32
131328.00 210.00 -975.00 1082130432 32768 128 1
4104.00 8421.00 -9173.00 1082130432 32768 128 32
131328.00 1226.00 -1976.00 1082130432 32768 128 1
4104.00 8293.00 -9088.00 1082130432 32768 128 32
131328.00 394.00 -1154.00 1082130432 32768 128 1
4104.00 8055.00 -8786.00 1082130432 32768 128 32
131328.00 -53.00 -749.00 1082130432 32768 128 1
4104.00 6982.00 -7813.00 1082130432 32768 128 32
131328.00 301.00 -1092.00 1082130432 32768 128 1
4104.00 7824.00 -8584.00 1082130432 32768 128 32
131328.00 689.00 -1442.00 1082130432 32768 128 1
4104.00 7565.00 -8352.00 1082130432 32768 128 32
131328.00 79.00 -879.00 1082130432 32768 128 1
4104.00 8347.00 -9104.00 1082130432 32768 128 32
131328.00 1318.00 -2098.00 1082130432 32768 128 1
4104.00 9077.00 -9784.00 1082130432 32768 128 32
131328.00 272.00 -1082.00 1082130432 32768 128 1
4104.00 8834.00 -9700.00 1082130432 32768 128 32
131328.00 982.00 -1759.00 1082130432 32768 128 1
4104.00 8619.00 -9488.00 1082130432 32768 128 32
131328.00 1163.00 -1919.00 1082130432 32768 128 1
4104.00 9160.00 -10006.00 1082130432 32768 128 32
131328.00 1376.00 -2124.00 1082130432 32768 128 1
4104.00 6612.00 -7444.00 1082130432 32768 128 32
131328.00 483.00 -1273.00 1082130432 32768 128 1
4104.00 9416.00 -10094.00 1082130432 32768 128 32
131328.00 260.00 -1044.00 1082130432 32768 128 1
4104.00 8768.00 -9544.00 1082130432 32768 128 32
131328.00 312.00 -1103.00 1082130432 32768 128 1
4104.00 8090.00 -8902.00 1082130432 32768 128 32
131328.00 1654.00 -2470.00 1082130432 32768 128 1