frq I Q
4104 -3890.0 3158.35
131328 -341.0 6412.71
4104 -2972.96 562.81
4104 -2539.26 -2946.47
131328 -1178.59 5965.78
4104 -3999.26 -1463.3
4104 -3648.33 3148.42
131328 4370.05 7978.65
131328 1936.73 473.42
4104 -8610.98 -1890.38
131328 1556.0 6737.16
4104 -3476.17 -2373.73
131328 7402.6 423.76
4104 -9081.09 3671.5
131328 -1092.51 9263.18
131328 4495.85 7832.98
4104 -3684.74 1549.38
131328 -2367.11 9163.86
4104 -5287.1 3807.24
4104 -3800.62 460.18
4104 -26.49 -678.68
131328 -3866.83 3926.42
131328 -337.69 2820.67
4104 3486.11 1056.09
4104 -2532.64 2516.09
131328 7952.16 5767.14
131328 231.74 1615.59
4104 -7061.6 2204.89
131328 -1618.9 8018.38
4104 -1032.92 1446.75
131328 -5032.18 5379.79
4104 -1549.38 -552.88
4104 -7160.92 -4134.99
131328 -1764.57 10064.35
131328 -1138.86 2426.7
4104 -3631.77 -509.84
4104 -6300.15 1718.22
131328 46.35 -3105.38
4104 718.41 450.25
131328 -3929.73 6707.36
131328 3016.0 6445.82
4104 -3681.43 2542.57
4104 -2625.34 1456.68
131328 2314.14 7084.77
4104 -4677.94 -3098.76
131328 -1973.14 7455.57
131328 1258.04 6935.8
4104 -8895.7 -1072.65
4104 -834.28 1085.89
131328 -423.76 4532.27
131328 2284.34 -1516.27
4104 -1628.84 -2175.09
4104 -8134.25 -4095.26
131328 284.72 2708.11
131328 4456.12 6641.15
4104 -8382.55 5522.15
131328 26.49 5310.27
4104 -2469.74 -79.46
4104 -4005.88 -2237.99
131328 1512.96 11679.95
131328 1930.1 -970.02
4104 -2999.44 2377.04
4104 -5071.9 1099.13
4104 427.07 503.22
131328 6015.44 2714.73
131328 -5638.02 9240.0
4104 -3059.03 1360.67
131328 4469.37 4495.85
4104 -2896.81 -1857.27
131328 5287.1 8832.79
131328 -2708.11 9071.16
4104 -5055.35 -1102.44
131328 -6180.97 10915.19
4104 -5244.06 -52.97
131328 1039.54 10504.67
4104 -7928.99 -559.5
4104 -1963.21 3502.66
131328 -6843.1 7515.16
131328 1949.97 6396.16
4104 -6389.54 2065.84
131328 69.52 -2635.27
131328 -59.59 6343.19
4104 -4691.18 1168.66
4104 -6008.82 -652.2
131328 6247.18 -1446.75
131328 4956.03 9617.42
4104 -2420.08 3466.24
4104 -2850.46 1380.54
131328 3423.2 205.26
4104 -397.28 -2628.65
131328 -2029.42 13812.0
131328 -2204.89 8763.27
4104 -4969.27 2943.16
4104 -2085.7 -2158.54
131328 3198.08 8677.19
131328 -5985.64 7256.93
4104 -2221.44 1102.44
131328 2400.22 3376.86
131328 1337.5 5409.59
4104 -6131.31 -3813.86
4104 -2757.77 2578.99
131328 1632.15 1542.76
131328 1407.02 4178.03
4104 -2969.65 1976.45
4104 -1132.24 2201.58
131328 2896.81 -1089.2
4104 -5727.41 -5942.6
131328 4737.53 6505.41
131328 2996.13 4058.85
4104 -2694.86 1493.1
4104 -4677.94 -324.44
131328 4668.01 5697.62
4104 -5101.7 -903.81
4104 -3085.52 -877.32
131328 -1258.04 837.59
131328 -2433.32 6091.58
4104 -4797.12 -122.49
4104 -2102.26 -82.77
131328 -337.69 5359.93
131328 3327.2 -9.93
4104 -6760.33 -599.23
131328 2506.16 10944.98
4104 -3727.78 307.89
131328 -9398.91 4482.61
131328 -4446.19 5419.52
4104 -6230.63 -821.04
131328 1039.54 1963.21
4104 -7425.77 4098.58
131328 -6442.51 3767.51
4104 -4601.79 3711.23
131328 254.92 8236.88
4104 -920.36 562.81
4104 -3072.28 -1582.49
131328 -3903.25 751.52
131328 205.26 1632.15
4104 -7237.06 132.43
4104 -3062.34 1493.1
131328 930.29 887.25
4104 -1883.76 1003.12
131328 -1039.54 539.63
131328 5654.58 3688.06
4104 -1281.22 2353.87
131328 556.19 12997.58
4104 -2290.96 -2771.01
131328 -2916.68 4906.37
4104 -2794.18 -92.7
4104 1029.61 -2678.31
4104 -1400.4 821.04
131328 -1638.77 -2814.05
131328 6406.09 5277.16
131328 629.02 6733.85
4104 -5810.18 -3621.84
4104 -3029.24 66.21
131328 4108.51 2433.32
131328 4254.18 4658.07
4104 533.01 625.71
4104 -1340.81 4423.02
131328 -6101.51 11372.06
4104 -1499.72 -2297.59
131328 -2867.02 6972.21
4104 -6624.6 -1605.66
131328 3605.29 14454.26
131328 -3085.52 6429.27
4104 -1059.41 -1496.41
4104 -2526.02 2469.74
131328 3383.48 5283.79
4104 -5409.59 711.79
131328 -1542.76 3068.97
4104 -6174.35 -4873.27
4104 -5253.99 -1393.78
131328 2655.14 10200.09
131328 -1800.99 6339.88
4104 -7114.57 -72.83
131328 -3684.74 10266.3
4104 -5641.33 -2972.96
131328 -1635.46 407.21
4104 -2350.56 6224.01
131328 248.3 -3532.46
4104 1082.58 3671.5
131328 -648.89 6250.49
131328 -2893.5 3688.06
4104 -3615.22 4062.16
4104 -1195.14 6184.28
131328 1794.37 7717.11
131328 -7333.07 3913.18
4104 -4456.12 5588.36
4104 -3893.32 -572.74
131328 7780.01 2168.47
4104 -629.02 -830.97
131328 1996.32 582.67
131328 -970.02 5545.33
4104 -3830.41 -1589.11
131328 1830.79 6896.07
4104 -8034.93 4158.17
131328 -231.74 5654.58
4104 1671.87 -5681.06
131328 -2045.98 4340.25
4104 -1178.59 3499.35
4104 -3353.68 2314.14
131328 585.98 4519.03
4104 2006.25 -5757.21
131328 4105.2 8203.77
131328 337.69 5210.95
4104 -6412.71 -397.28
4104 -3509.28 -1277.91
131328 3121.94 7697.24
131328 -698.55 5148.05
4104 -622.4 -2165.16
131328 2916.68 665.44
4104 -7021.87 -324.44
131328 1469.93 6856.34
4104 46.35 -2853.77
131328 -3942.97 3890.0
4104 -4128.37 3049.1
4104 -986.57 -2446.56
131328 -1102.44 -420.45
4104 -5787.0 -284.72
131328 -7525.09 4631.59
131328 1519.58 3264.29
4104 -6935.8 2228.06
131328 -96.01 3472.86
4104 -5469.18 -66.21
131328 3949.6 10276.23
4104 -12269.24 -7452.26
131328 -1820.85 8958.6
4104 -2602.16 -658.82
131328 -241.68 5247.37
4104 -1158.72 -4631.59
4104 -2211.51 1046.16
131328 -794.55 10580.81
131328 1122.31 5542.02
4104 -6154.48 -920.36
4104 -2095.64 -781.31
131328 -1082.58 1645.39
4104 440.32 4790.5
131328 -2701.48 6627.91
131328 1135.55 8283.23
4104 -3711.23 -562.81
4104 -7657.52 -960.09
131328 11802.44 3244.43
131328 -2032.73 3694.68
4104 -1956.59 953.46
131328 -3105.38 2502.85
4104 -5058.66 2420.08
4104 -4247.55 -979.95
131328 -2032.73 1046.16
4104 -3542.39 2383.66
131328 1466.61 4992.45
4104 -4999.07 2506.16
131328 -19.86 3535.77
4104 -784.62 -2582.3
131328 -4082.02 13166.42
131328 4101.89 4456.12
4104 -6909.31 612.47
131328 3151.73 10114.01
4104 -456.87 297.96
4104 -7359.56 -2575.68
131328 5141.43 6813.3
131328 2694.86 8693.75
4104 -847.52 -1314.32
131328 -2294.28 5320.2
4104 -1863.89 3744.34
131328 3386.79 6022.06
4104 -6114.76 1367.3
4104 -2122.12 -327.75
131328 3886.69 6737.16
4104 -1311.01 -2929.92
4104 -6316.71 384.03
131328 407.21 5787.0
131328 -1231.56 9100.96
4104 -7131.12 3.31
131328 6061.79 4528.96
131328 1847.34 2214.82
4104 -2400.22 -72.83
4104 -1688.43 2741.21
131328 -499.91 4446.19
4104 -158.91 -3164.97
4104 -2555.82 337.69
131328 -1595.73 5902.88
131328 -443.63 6224.01
4104 -6243.87 -4171.41
131328 4886.51 3701.3
4104 -5558.57 1926.79
4104 -2943.16 622.4
131328 268.16 2757.77
131328 -2853.77 1883.76
131328 4015.81 4608.41
4104 -1516.27 -1301.08
4104 -4148.23 6915.93
4104 -3737.72 33.11
131328 8329.58 7104.64
131328 4419.71 9438.64
131328 721.72 5664.51
4104 -3290.78 579.36
4104 -2956.4 -3287.47
131328 840.9 9382.36
4104 -5992.26 -2244.62
4104 -4747.46 3102.07
131328 -675.37 5604.92
131328 -1661.94 509.84
4104 -3370.23 536.32
131328 -3601.98 8422.27
4104 -4823.61 430.38
131328 1781.13 6720.6
4104 -1993.01 -2175.09
4104 -8177.29 390.66
131328 -897.18 6412.71
131328 4519.03 3813.86
131328 -1923.48 5502.29
4104 -2916.68 -1344.12
4104 -4231.0 -5386.41
131328 -360.86 731.65
131328 3638.4 1685.12
4104 -1466.61 1115.69
4104 -231.74 2665.07
131328 -1142.17 7008.63
131328 5545.33 -1678.5
4104 -1314.32 -3562.25
4104 4019.12 526.39
131328 2469.74 2059.22
131328 1704.98 3582.11
131328 -1416.95 288.03
4104 -3403.34 -870.7
131328 -470.11 4793.81
4104 -5743.96 -62.9
4104 -1685.12 -185.4
131328 1320.95 7061.6
4104 754.83 -3462.93
4104 -1248.11 3711.23
131328 -3486.11 3443.07
131328 -1191.83 3045.79
4104 -3330.51 3737.72
131328 5247.37 1155.41
131328 2436.63 -1771.19
4104 526.39 3337.13
131328 4234.31 3443.07
4104 -8809.62 4055.54
4104 -3658.26 2727.97
131328 -768.07 2214.82
4104 -3529.14 3217.94
131328 -953.46 3158.35
4104 -3542.39 -5253.99
131328 7750.21 357.55
131328 1708.29 9534.65
4104 -5869.77 -3588.74
4104 -9534.65 4499.16
131328 -2721.35 5657.89
4104 -2926.61 -324.44
131328 2800.8 10292.79
131328 -539.63 -1542.76
4104 -6184.28 -3618.53
131328 -1274.6 185.4
4104 3155.04 1284.53
131328 -2916.68 3022.62
4104 -1853.96 -1893.69
131328 4654.76 8025.0
4104 -7217.2 3764.2
4104 -7882.64 -2509.47
4104 -4528.96 1757.95
131328 950.15 2016.18
131328 3022.62 -1552.69
131328 19.86 2224.75
4104 -2314.14 1565.93
4104 -2873.64 -715.1
131328 2446.56 6631.22
4104 -314.51 -2128.74
131328 3873.45 5005.69
131328 5012.31 3880.07
4104 -4912.99 2290.96
4104 -3846.97 148.98
131328 5306.96 2095.64
4104 -2343.93 -350.93
131328 2214.82 7667.45
131328 3164.97 3178.22
4104 -1602.35 3767.51
4104 -930.29 -3019.31
131328 331.06 -1665.25
4104 -13.24 -291.34
131328 -6349.81 7786.63
131328 -718.41 3095.45
4104 -2410.15 480.04
4104 -2784.25 1231.56
131328 1291.15 6816.61
131328 2761.08 6581.56
4104 2410.15 301.27
4104 602.54 3181.53
131328 4297.21 8935.42
131328 -301.27 8488.49
131328 -4542.2 8240.19
4104 -5151.36 -360.86
4104 -7184.09 2178.4
131328 665.44 6293.53
131328 8207.08 2204.89
4104 -3006.06 -668.75
131328 3350.37 8418.96
131328 -1430.2 2115.5
4104 -2522.71 2443.25
131328 3065.65 238.37
4104 -5459.25 2665.07
131328 1486.48 2377.04
4104 -400.59 225.12
131328 -2572.37 3214.63
4104 -7180.78 -403.9
4104 -5697.62 1883.76
131328 -1940.04 1973.14
131328 -3244.43 2539.26
4104 -9240.0 -4555.44
131328 -893.87 2281.03
4104 -2300.9 1562.62
131328 -1317.64 4972.58
4104 -2042.67 2724.66
4104 -4499.16 -2449.88
131328 2549.19 5045.42
131328 1890.38 5075.21
4104 -5459.25 -99.32
4104 -903.81 -5177.84
131328 3906.56 8690.44
131328 1400.4 -1949.97
4104 4052.23 3075.59
4104 -4727.6 860.77
131328 -4641.52 4767.32
4104 -4370.05 -4866.64
131328 2972.96 1678.5
4104 -3290.78 -4330.32
131328 3284.16 13821.93
131328 6078.34 10246.44
4104 -1628.84 3128.56
4104 -2357.18 350.93
131328 -331.06 6743.78
4104 -2622.03 -1423.58
131328 579.36 4711.04
131328 6190.9 4605.1
4104 -1095.82 1397.09
131328 2562.44 3754.27
4104 -1301.08 -284.72
131328 1559.31 4260.8
4104 -533.01 -2406.84
131328 1774.5 8677.19
4104 -1744.71 -2982.89
4104 -284.72 -96.01
131328 4982.52 2724.66
4104 -2486.29 -2622.03
131328 -559.5 5482.42
131328 4797.12 10077.6
4104 -3658.26 599.23
4104 -1668.56 4234.31
131328 -182.09 7780.01
131328 7806.49 8226.95
4104 -6452.44 43.04
131328 -334.37 3492.73
4104 -162.22 -5267.23
4104 -3244.43 1287.84
131328 4055.54 6624.6
4104 1377.23 3085.52
131328 -1254.73 5740.65
4104 -3893.32 390.66
131328 2529.33 685.3
131328 5065.28 3274.23
4104 -175.46 1800.99
131328 -3754.27 1824.16
4104 -2734.59 1175.28
131328 801.18 6243.87
4104 -5310.27 4744.15
4104 443.63 940.22
131328 -2198.27 5813.49
131328 -2800.8 4956.03
4104 1281.22 4075.4
131328 1757.95 12914.82
4104 589.29 701.86
4104 -3555.63 -4773.95
4104 -2873.64 3174.91
131328 -2032.73 6952.35
131328 1350.74 8309.71
4104 -5028.87 854.15
131328 59.59 5714.17
4104 -3671.5 625.71
4104 -4697.8 -979.95
131328 4168.1 5257.3
131328 2771.01 6786.82
4104 -6833.17 2615.41
131328 -1890.38 158.91
131328 -1092.51 3684.74
4104 -3764.2 2602.16
4104 -4492.54 -400.59
131328 2823.98 9339.32
4104 -5892.94 -347.62
4104 -3492.73 519.77
131328 4370.05 2079.08
131328 -1751.33 6094.89
4104 -4168.1 1526.21
4104 -5191.09 -1870.51
131328 1556.0 8008.44
131328 -1075.96 6263.74
4104 -3164.97 1324.26
4104 -6303.46 2042.67
131328 -5071.9 4323.7
131328 -7587.99 4108.51
4104 -7313.21 3734.4
131328 1608.97 2052.6
4104 -4346.87 4280.66
131328 -1029.61 7952.16
131328 923.67 4287.28
4104 -1330.88 -3078.9
4104 -5260.61 -1244.8
4104 -1824.16 -672.06
131328 -2264.48 3936.35
131328 -2555.82 11262.8
131328 6525.28 6035.3
4104 -5965.78 -4065.47
4104 -3843.66 2466.43
131328 870.7 7697.24
131328 -2112.19 7564.82
4104 -5224.19 -2178.4
131328 6515.34 10359.0
4104 -5303.65 2771.01
4104 403.9 -1443.44
131328 -2453.19 10196.78
131328 -4270.73 7422.46
4104 172.15 3496.04
131328 -794.55 3949.6
4104 -1850.65 2423.39
4104 1205.07 -66.21
131328 542.95 3856.9
4104 -7574.75 -3694.68
4104 62.9 -923.67
131328 -1443.44 10948.29
131328 -1539.45 7780.01
4104 -2439.94 1115.69
131328 3906.56 4078.71
131328 2373.73 8961.91
4104 -4876.58 -327.75
4104 -6886.14 1380.54
131328 -2059.22 4022.43
4104 -4883.2 -1728.16
131328 9677.01 -19.86
4104 -6108.13 3691.37
131328 -76.14 7952.16
131328 4224.38 7141.06
4104 960.09 2837.22
4104 -1814.23 1075.96
131328 5939.29 4787.19
131328 -46.35 857.46
4104 -3588.74 840.9
131328 -284.72 768.07
4104 -721.72 69.52
4104 -7703.86 -2165.16
131328 3204.7 5369.86
131328 2943.16 4813.67
4104 -4025.74 -450.25
4104 -2860.39 1681.81
131328 152.29 7495.29
131328 2771.01 3903.25
4104 1916.86 3741.03
131328 854.15 5684.37
4104 -4191.27 -2820.67
4104 -3628.46 2509.47
131328 -3972.77 8925.49
4104 -3661.57 2645.2
4104 -4972.58 1536.14
131328 3863.52 1966.52
131328 1330.88 8786.44
4104 -2807.42 -1738.09
131328 -662.13 4959.34
4104 -791.24 2403.53
131328 334.37 4704.42
131328 -2406.84 4863.33
4104 -4250.86 -125.8
131328 5690.99 3721.16
4104 -3486.11 6399.47
4104 -933.6 -122.49
131328 2625.34 8581.18
4104 1698.36 314.51
131328 -331.06 1628.84
4104 1450.06 1496.41
131328 109.25 -2823.98
131328 -3890.0 8389.17
4104 -6343.19 1363.98
131328 4201.21 -3648.33
4104 -2499.53 2780.94
131328 -13.24 1476.55
4104 -1635.46 3356.99
131328 -301.27 4009.19
4104 -549.57 2526.02
4104 -2476.36 1105.75
131328 -582.67 10398.73
131328 4138.3 7515.16
4104 -4995.76 6197.52
4104 920.36 2751.14
131328 2012.87 3419.89
131328 297.96 5482.42
4104 4234.31 2155.23
4104 -3846.97 3138.49
4104 -5575.12 1066.03
131328 -1678.5 4025.74
131328 3317.26 4204.52
4104 -6045.23 1532.83
4104 -11967.97 347.62
4104 -3588.74 -2281.03
131328 4247.55 6661.01
131328 751.52 6131.31
4104 1248.11 1440.13
131328 3078.9 4231.0
4104 -5926.05 1367.3
131328 -5095.08 2883.57
4104 -7336.38 3416.58
131328 3760.89 -331.06
4104 -2767.7 -317.82
4104 -2141.99 -1824.16
131328 -2264.48 8187.22
131328 -1953.28 6816.61
4104 -3986.01 347.62
131328 7256.93 5565.19
4104 -2727.97 3317.26
131328 870.7 -930.29
4104 -3668.19 -2304.21
131328 -778.0 4823.61
4104 -7928.99 -950.15
131328 29.8 7518.47
131328 3535.77 12567.2
4104 -4181.34 -701.86
4104 -8362.68 -2509.47
131328 -99.32 4360.12
4104 -1132.24 1122.31
131328 4240.93 -615.78
131328 -2360.49 6790.13
4104 -4591.86 5634.71
131328 -1711.6 7405.91
4104 -3767.51 -2128.74
131328 -1612.28 4572.0
4104 -2234.68 -148.98
4104 -4416.4 1370.61
131328 -688.61 2731.28
4104 874.01 3476.17
131328 -1430.2 15010.45
131328 1337.5 5217.57
4104 -3151.73 519.77
4104 -4528.96 3817.17
131328 1142.17 5846.59
4104 -2539.26 -1671.87
131328 185.4 3651.64
131328 824.35 5310.27
4104 -2012.87 814.42
131328 -2247.93 5737.34
4104 -2029.42 -1069.34
131328 -556.19 4171.41
4104 -5985.64 3631.77
131328 1536.14 -579.36
4104 -5181.16 -1658.63
131328 -2370.42 -4757.39
4104 -2622.03 -1244.8
4104 -3625.15 791.24
131328 4932.86 9726.67
4104 -3035.86 -1420.27
4104 -4178.03 -986.57
131328 1499.72 3664.88
131328 4254.18 4608.41
4104 -4740.84 -2747.83
131328 -370.79 5565.19
4104 -2310.83 1479.86
131328 1400.4 6723.91
131328 3717.85 3502.66
4104 2595.54 2595.54
4104 -4323.7 -2615.41
131328 1976.45 5386.41
4104 -619.09 1496.41
4104 -1330.88 1678.5
131328 -3022.62 8690.44
131328 -2194.96 3929.73
4104 -917.05 -1340.81
4104 -5167.91 -1930.1
131328 -7687.31 5879.7
131328 698.55 6306.77
4104 -1565.93 572.74
4104 -4505.78 -3214.63
131328 2535.95 5518.84
4104 -4591.86 2330.69
131328 -5071.9 4502.47
131328 -4009.19 7564.82
4104 -4317.08 711.79
131328 1152.1 1277.91
4104 -2701.48 427.07
4104 -5101.7 -1930.1
131328 -638.95 6670.94
4104 -3757.58 -1824.16
131328 1320.95 5982.33
131328 -4178.03 281.4
4104 -3462.93 675.37
4104 -1390.47 122.49
131328 -5465.87 6809.99
4104 -2297.59 -109.25
131328 -211.88 4797.12
131328 -2019.49 284.72
4104 -5310.27 4164.79
4104 -2128.74 -16.55
131328 1138.86 1983.07
4104 76.14 -1503.03
131328 -602.54 9269.8
131328 1297.77 4624.97
4104 -3757.58 2853.77
131328 251.61 3896.63
4104 -3135.18 3141.8
4104 -4681.25 -1178.59
131328 -1360.67 3151.73
131328 2615.41 5575.12
4104 -6068.41 466.8
4104 -4068.78 2112.19
131328 -4595.17 4555.44
4104 -5657.89 -1595.73
131328 8091.21 9713.42
4104 -6154.48 3899.94
131328 3678.12 5320.2
4104 -4323.7 -761.45
4104 -6098.2 1019.68
131328 2929.92 8759.96
131328 2317.45 7846.22
4104 -887.25 -3115.31
4104 -3148.42 -3688.06
131328 2943.16 5287.1
131328 -3145.11 3330.51
131328 2919.99 8352.75
4104 -321.13 678.68
131328 3502.66 4512.41
4104 -357.55 1764.57
4104 -261.54 529.7
131328 -658.82 1277.91
131328 -3260.98 2823.98
4104 -1042.85 4379.98
131328 1013.06 7849.53
4104 -4118.44 1400.4
131328 -1277.91 3618.53
4104 1691.74 -691.92
4104 -2039.36 2185.02
131328 -1920.17 5128.18
131328 4757.39 1860.58
131328 3522.52 6174.35
4104 -1599.04 1466.61
131328 393.97 7021.87
4104 -4754.08 -460.18
4104 -1830.79 -635.64
131328 4601.79 2357.18
131328 -2151.92 7998.51
4104 -787.93 -3625.15
131328 -2092.33 5594.99
4104 -4283.97 744.89
131328 -1800.99 5800.25
4104 -2211.51 324.44
131328 -585.98 3741.03
4104 -622.4 963.4
4104 -2883.57 2499.53
131328 413.83 8842.73
4104 -3072.28 244.99
4104 -4552.13 2929.92
131328 3535.77 7733.66
131328 -2718.04 9524.72
4104 632.33 4479.3
131328 1459.99 4141.61
131328 -576.05 7445.63
4104 -1426.89 -4684.56
131328 956.78 8958.6
4104 -2496.22 -860.77
4104 1704.98 387.35
131328 539.63 7981.96
4104 -6899.38 -1274.6
4104 -5604.92 -2479.67
131328 -8339.51 4628.28
131328 -5839.97 8379.24
4104 1969.83 2784.25
4104 -3343.75 1612.28
131328 6521.97 1661.94
131328 5217.57 2727.97
4104 1410.33 291.34
4104 -1681.81 -807.8
131328 2886.88 3363.61
131328 6101.51 3459.62
4104 -4850.09 1486.48
4104 -4187.96 -612.47
131328 9388.98 6637.84
131328 1933.42 4214.45
131328 7303.28 4843.47
4104 -4403.15 2016.18
4104 -1582.49 -2665.07
131328 2363.8 -751.52
131328 725.03 -794.55
4104 -605.85 1344.12
4104 -854.15 198.64
131328 2910.05 8130.94
4104 -1367.3 3827.1
131328 -612.47 7230.44
4104 -3360.3 5379.79
131328 1549.38 4058.85
4104 -5161.29 364.17
131328 -3651.64 4956.03
131328 -4790.5 5644.65
4104 -2724.66 493.29
131328 3641.71 1287.84
4104 -6101.51 -3360.3
131328 -3171.6 2380.35
4104 -4191.27 -4466.06
4104 -4475.99 -2482.98
131328 -1946.66 4757.39
4104 -3794.0 1046.16
131328 -1860.58 10021.31
4104 -3181.53 -4171.41
131328 -2340.62 7031.8
131328 -2492.91 6568.31
4104 -4727.6 3492.73
4104 -473.42 -917.05
131328 248.3 1668.56
4104 -1079.27 -519.77
131328 -1562.62 4389.91
131328 -3456.31 4989.14
4104 -1820.85 -1244.8
4104 33.11 -16.55
131328 -4313.77 6141.24
4104 -5684.37 2578.99
131328 1248.11 7084.77
131328 -1224.94 946.84
4104 -7452.26 -3784.06
4104 -1618.9 1347.43
131328 -1519.58 4823.61
4104 -10054.42 2466.43
131328 -2423.39 4575.31
131328 -175.46 4734.22
4104 -3310.64 513.15
4104 -4661.38 -1867.2
131328 -2893.5 8779.82
4104 1264.67 -218.5
131328 -615.78 8299.78
4104 -1479.86 2966.34
4104 -1529.52 29.8
131328 738.27 1638.77
131328 -1546.07 5128.18
131328 59.59 3138.49
4104 -5293.72 3121.94
4104 -4972.58 -2691.55
131328 1751.33 4783.88
131328 288.03 2191.65
4104 -3466.24 764.76
4104 -2969.65 1052.78
131328 -1645.39 8889.07
131328 -261.54 1264.67
4104 -989.88 -3853.59
131328 -3221.25 -2105.57
4104 -5340.07 4134.99
4104 -5763.83 -1691.74
131328 -1724.84 3565.56
131328 1827.47 2853.77
4104 -8084.59 -3499.35
4104 -324.44 2688.24
131328 -26.49 -672.06
131328 2254.55 1539.45
4104 -7885.95 62.9
4104 -3108.69 -857.46
131328 96.01 8177.29
131328 -437.0 681.99
4104 -1542.76 -2264.48
4104 -3267.6 102.63
4104 -4694.49 708.48
131328 -913.74 3059.03
131328 1463.3 5542.02
131328 1244.8 6502.1
4104 -2704.79 1327.57
4104 344.31 860.77
131328 -2800.8 1658.63
4104 -2237.99 -734.96
131328 -5515.53 1403.71
4104 -3823.79 1099.13
131328 -864.08 5005.69
131328 -36.42 7548.26
4104 -1155.41 -5482.42
4104 -2274.41 -1959.9
131328 -6776.88 3780.75
131328 -400.59 4615.04
4104 -1119.0 2237.99
131328 4277.35 1787.75
4104 -3.31 -2598.85
4104 -7823.05 1532.83
131328 112.56 2956.4
131328 2105.57 3969.46
4104 -2916.68 -549.57
131328 989.88 10266.3
131328 -2138.67 2204.89
4104 973.33 -6353.12
4104 -1857.27 -2098.95
131328 652.2 5323.51
131328 -2555.82 7799.87
4104 -5237.44 -327.75
4104 -3264.29 970.02
131328 2823.98 6704.05
131328 2360.49 804.49
4104 -1897.0 1953.28
131328 -2363.8 3611.91
4104 -6617.97 2168.47
131328 2310.83 11981.21
131328 4860.02 5790.31
4104 -3986.01 1277.91
4104 2489.6 3151.73
4104 -4671.32 -562.81
131328 1185.21 725.03
131328 6932.48 3886.69
4104 -1066.03 -1711.6
131328 3714.54 1582.49
4104 -3595.36 1542.76
131328 -1201.76 953.46
4104 -1615.59 -2850.46
4104 -7842.91 -244.99
131328 1430.2 655.51
131328 1728.16 7611.17
4104 -9878.96 8048.17
131328 -963.4 1016.37
131328 2688.24 7717.11
4104 -1883.76 741.58
4104 -4426.33 781.31
131328 4406.46 -1453.37
4104 1003.12 -4446.19
131328 3939.66 6690.81