frq I Q Mdiv Ref dac Kdiv
4104.00 6976.00 11525.00 1082130432 32768 128 32
131328.00 -314.00 -15070.00 1082130432 32768 128 1
4104.00 8220.00 5715.00 1082130432 32768 128 32
131328.00 562.00 -17520.00 1082130432 32768 128 1
4104.00 7969.00 8378.00 1082130432 32768 128 32
131328.00 266.00 -17412.00 1082130432 32768 128 1
4104.00 7986.00 6038.00 1082130432 32768 128 32
131328.00 -1068.00 -16488.00 1082130432 32768 128 1
4104.00 5656.00 5301.00 1082130432 32768 128 32
131328.00 -742.00 -16496.00 1082130432 32768 128 1
4104.00 7318.00 6100.00 1082130432 32768 128 32
131328.00 -51.00 -16241.00 1082130432 32768 128 1
4104.00 7191.00 6361.00 1082130432 32768 128 32
131328.00 -1059.00 -17177.00 1082130432 32768 128 1
4104.00 7226.00 7988.00 1082130432 32768 128 32
131328.00 -1087.00 -17944.00 1082130432 32768 128 1
4104.00 6714.00 6168.00 1082130432 32768 128 32
131328.00 -1171.00 -16562.00 1082130432 32768 128 1
4104.00 6244.00 4392.00 1082130432 32768 128 32
131328.00 -525.00 -17851.00 1082130432 32768 128 1
4104.00 5169.00 3556.00 1082130432 32768 128 32
131328.00 -1063.00 -16560.00 1082130432 32768 128 1
4104.00 5592.00 4122.00 1082130432 32768 128 32
131328.00 -835.00 -17289.00 1082130432 32768 128 1
4104.00 3051.00 5607.00 1082130432 32768 128 32
131328.00 -774.00 -16110.00 1082130432 32768 128 1
4104.00 5061.00 8840.00 1082130432 32768 128 32
131328.00 540.00 -16929.00 1082130432 32768 128 1
4104.00 7302.00 5337.00 1082130432 32768 128 32
131328.00 392.00 -17193.00 1082130432 32768 128 1
4104.00 6187.00 5054.00 1082130432 32768 128 32
131328.00 -810.00 -18005.00 1082130432 32768 128 1
4104.00 6382.00 7674.00 1082130432 32768 128 32
131328.00 -1163.00 -17590.00 1082130432 32768 128 1
4104.00 6895.00 7903.00 1082130432 32768 128 32
131328.00 273.00 -17477.00 1082130432 32768 128 1
4104.00 5210.00 7712.00 1082130432 32768 128 32
131328.00 -221.00 -16769.00 1082130432 32768 128 1
4104.00 5680.00 4510.00 1082130432 32768 128 32
131328.00 -582.00 -15811.00 1082130432 32768 128 1
4104.00 6932.00 5594.00 1082130432 32768 128 32
131328.00 -570.00 -17517.00 1082130432 32768 128 1
4104.00 6279.00 8115.00 1082130432 32768 128 32
131328.00 70.00 -16725.00 1082130432 32768 128 1
4104.00 6759.00 8123.00 1082130432 32768 128 32
131328.00 505.00 -17629.00 1082130432 32768 128 1
4104.00 5262.00 7804.00 1082130432 32768 128 32
131328.00 340.00 -16718.00 1082130432 32768 128 1
4104.00 4251.00 4020.00 1082130432 32768 128 32
131328.00 -755.00 -16664.00 1082130432 32768 128 1
4104.00 5705.00 4413.00 1082130432 32768 128 32
131328.00 -574.00 -17681.00 1082130432 32768 128 1
4104.00 7518.00 6981.00 1082130432 32768 128 32
131328.00 -1207.00 -17269.00 1082130432 32768 128 1
4104.00 3562.00 5700.00 1082130432 32768 128 32
131328.00 -749.00 -16571.00 1082130432 32768 128 1
4104.00 6730.00 6997.00 1082130432 32768 128 32
131328.00 44.00 -17442.00 1082130432 32768 128 1
4104.00 4166.00 4076.00 1082130432 32768 128 32
131328.00 -1073.00 -16334.00 1082130432 32768 128 1
4104.00 7143.00 5224.00 1082130432 32768 128 32
131328.00 630.00 -17272.00 1082130432 32768 128 1
4104.00 7260.00 5773.00 1082130432 32768 128 32
131328.00 -346.00 -16374.00 1082130432 32768 128 1
4104.00 7475.00 6553.00 1082130432 32768 128 32
131328.00 -1244.00 -16692.00 1082130432 32768 128 1
4104.00 7963.00 7178.00 1082130432 32768 128 32
131328.00 -943.00 -17626.00 1082130432 32768 128 1
4104.00 3617.00 6649.00 1082130432 32768 128 32
131328.00 -965.00 -15919.00 1082130432 32768 128 1
4104.00 5680.00 9023.00 1082130432 32768 128 32
131328.00 508.00 -17091.00 1082130432 32768 128 1
4104.00 8245.00 6068.00 1082130432 32768 128 32
131328.00 -823.00 -17380.00 1082130432 32768 128 1
4104.00 6162.00 5847.00 1082130432 32768 128 32
131328.00 432.00 -16423.00 1082130432 32768 128 1
4104.00 6155.00 4612.00 1082130432 32768 128 32
131328.00 -670.00 -17941.00 1082130432 32768 128 1
4104.00 7430.00 5474.00 1082130432 32768 128 32
131328.00 -1171.00 -17027.00 1082130432 32768 128 1
4104.00 5455.00 3788.00 1082130432 32768 128 32
131328.00 -1008.00 -17110.00 1082130432 32768 128 1
4104.00 7640.00 6875.00 1082130432 32768 128 32
131328.00 -1070.00 -17244.00 1082130432 32768 128 1
4104.00 5625.00 8178.00 1082130432 32768 128 32
131328.00 268.00 -17040.00 1082130432 32768 128 1
4104.00 6275.00 4900.00 1082130432 32768 128 32
131328.00 -835.00 -17337.00 1082130432 32768 128 1
4104.00 6804.00 6621.00 1082130432 32768 128 32
131328.00 -425.00 -17604.00 1082130432 32768 128 1
4104.00 4971.00 4020.00 1082130432 32768 128 32
131328.00 -1408.00 -16470.00 1082130432 32768 128 1
4104.00 6837.00 4942.00 1082130432 32768 128 32
131328.00 1013.00 -16920.00 1082130432 32768 128 1
4104.00 3865.00 7193.00 1082130432 32768 128 32
131328.00 -517.00 -16293.00 1082130432 32768 128 1
4104.00 7280.00 5621.00 1082130432 32768 128 32
131328.00 -91.00 -16300.00 1082130432 32768 128 1
4104.00 5348.00 4782.00 1082130432 32768 128 32
131328.00 -457.00 -16555.00 1082130432 32768 128 1
4104.00 6021.00 4338.00 1082130432 32768 128 32
131328.00 -1092.00 -16731.00 1082130432 32768 128 1
4104.00 6639.00 5582.00 1082130432 32768 128 32
131328.00 -361.00 -16316.00 1082130432 32768 128 1
4104.00 4653.00 7458.00 1082130432 32768 128 32
131328.00 -420.00 -16486.00 1082130432 32768 128 1
4104.00 5638.00 6716.00 1082130432 32768 128 32
131328.00 7.00 -17875.00 1082130432 32768 128 1
4104.00 3766.00 7330.00 1082130432 32768 128 32
131328.00 -703.00 -16088.00 1082130432 32768 128 1
4104.00 5131.00 4187.00 1082130432 32768 128 32
131328.00 -1442.00 -16299.00 1082130432 32768 128 1
4104.00 7316.00 4916.00 1082130432 32768 128 32
131328.00 -759.00 -16252.00 1082130432 32768 128 1
4104.00 6425.00 6942.00 1082130432 32768 128 32
131328.00 289.00 -17150.00 1082130432 32768 128 1
4104.00 7479.00 4944.00 1082130432 32768 128 32
131328.00 -336.00 -16173.00 1082130432 32768 128 1
4104.00 6234.00 4710.00 1082130432 32768 128 32
131328.00 -887.00 -17460.00 1082130432 32768 128 1
4104.00 2971.00 7419.00 1082130432 32768 128 32
131328.00 -733.00 -16023.00 1082130432 32768 128 1
4104.00 6002.00 5823.00 1082130432 32768 128 32
131328.00 -947.00 -16452.00 1082130432 32768 128 1
4104.00 7588.00 7507.00 1082130432 32768 128 32
131328.00 -1137.00 -17392.00 1082130432 32768 128 1
4104.00 5226.00 4243.00 1082130432 32768 128 32
131328.00 -1047.00 -16598.00 1082130432 32768 128 1
4104.00 6600.00 5254.00 1082130432 32768 128 32
131328.00 -505.00 -17940.00 1082130432 32768 128 1
4104.00 4815.00 4017.00 1082130432 32768 128 32
131328.00 -1220.00 -16111.00 1082130432 32768 128 1
4104.00 6138.00 6645.00 1082130432 32768 128 32
131328.00 -720.00 -18184.00 1082130432 32768 128 1
4104.00 6056.00 4386.00 1082130432 32768 128 32
131328.00 -503.00 -16812.00 1082130432 32768 128 1
4104.00 6533.00 5604.00 1082130432 32768 128 32
131328.00 -551.00 -17557.00 1082130432 32768 128 1
4104.00 4486.00 8776.00 1082130432 32768 128 32
131328.00 1067.00 -16622.00 1082130432 32768 128 1
4104.00 5730.00 3826.00 1082130432 32768 128 32
131328.00 -1395.00 -16992.00 1082130432 32768 128 1
4104.00 5695.00 4218.00 1082130432 32768 128 32
131328.00 -971.00 -17214.00 1082130432 32768 128 1
4104.00 5455.00 4070.00 1082130432 32768 128 32
131328.00 -970.00 -17521.00 1082130432 32768 128 1
4104.00 8071.00 7083.00 1082130432 32768 128 32
131328.00 -1229.00 -16739.00 1082130432 32768 128 1
4104.00 6143.00 5126.00 1082130432 32768 128 32
131328.00 -762.00 -16446.00 1082130432 32768 128 1
4104.00 4735.00 4171.00 1082130432 32768 128 32
131328.00 -1205.00 -16597.00 1082130432 32768 128 1
4104.00 4677.00 7161.00 1082130432 32768 128 32
131328.00 -127.00 -16618.00 1082130432 32768 128 1
4104.00 6052.00 6061.00 1082130432 32768 128 32
131328.00 -154.00 -16874.00 1082130432 32768 128 1
4104.00 7295.00 5018.00 1082130432 32768 128 32
131328.00 336.00 -17720.00 1082130432 32768 128 1
4104.00 6509.00 6058.00 1082130432 32768 128 32
131328.00 -1187.00 -16083.00 1082130432 32768 128 1
4104.00 7487.00 5358.00 1082130432 32768 128 32
131328.00 -1174.00 -16246.00 1082130432 32768 128 1
4104.00 7630.00 7953.00 1082130432 32768 128 32
131328.00 -424.00 -17941.00 1082130432 32768 128 1
4104.00 6716.00 5559.00 1082130432 32768 128 32
131328.00 -517.00 -16144.00 1082130432 32768 128 1
4104.00 5973.00 4557.00 1082130432 32768 128 32
131328.00 -779.00 -17890.00 1082130432 32768 128 1
4104.00 6629.00 8062.00 1082130432 32768 128 32
131328.00 833.00 -17703.00 1082130432 32768 128 1
4104.00 7343.00 8320.00 1082130432 32768 128 32
131328.00 -643.00 -17860.00 1082130432 32768 128 1
4104.00 6759.00 7892.00 1082130432 32768 128 32
131328.00 -478.00 -16912.00 1082130432 32768 128 1
4104.00 5963.00 8064.00 1082130432 32768 128 32
131328.00 146.00 -17273.00 1082130432 32768 128 1
4104.00 5542.00 7862.00 1082130432 32768 128 32
131328.00 -322.00 -16624.00 1082130432 32768 128 1
4104.00 7541.00 7086.00 1082130432 32768 128 32
131328.00 -1057.00 -17595.00 1082130432 32768 128 1
4104.00 5199.00 4199.00 1082130432 32768 128 32
131328.00 -319.00 -17369.00 1082130432 32768 128 1
4104.00 7050.00 7451.00 1082130432 32768 128 32
131328.00 -1014.00 -17420.00 1082130432 32768 128 1
4104.00 5596.00 8862.00 1082130432 32768 128 32
131328.00 1087.00 -17586.00 1082130432 32768 128 1
4104.00 7478.00 5475.00 1082130432 32768 128 32
131328.00 -233.00 -16626.00 1082130432 32768 128 1
4104.00 5243.00 5874.00 1082130432 32768 128 32
131328.00 -755.00 -16425.00 1082130432 32768 128 1
4104.00 6786.00 5637.00 1082130432 32768 128 32
131328.00 -1162.00 -15917.00 1082130432 32768 128 1
4104.00 6136.00 4586.00 1082130432 32768 128 32
131328.00 334.00 -17064.00 1082130432 32768 128 1
4104.00 7211.00 7495.00 1082130432 32768 128 32
131328.00 746.00 -17557.00 1082130432 32768 128 1
4104.00 6049.00 4888.00 1082130432 32768 128 32
131328.00 -1099.00 -17265.00 1082130432 32768 128 1
4104.00 6200.00 5499.00 1082130432 32768 128 32
131328.00 40.00 -16318.00 1082130432 32768 128 1
4104.00 7508.00 6784.00 1082130432 32768 128 32
131328.00 -894.00 -17108.00 1082130432 32768 128 1
4104.00 6324.00 4308.00 1082130432 32768 128 32
131328.00 -425.00 -17883.00 1082130432 32768 128 1
4104.00 7460.00 5694.00 1082130432 32768 128 32
131328.00 -831.00 -15858.00 1082130432 32768 128 1
4104.00 7089.00 5757.00 1082130432 32768 128 32
131328.00 -1155.00 -16561.00 1082130432 32768 128 1
4104.00 4313.00 6357.00 1082130432 32768 128 32
131328.00 -536.00 -16611.00 1082130432 32768 128 1
4104.00 2954.00 7514.00 1082130432 32768 128 32
131328.00 -294.00 -15375.00 1082130432 32768 128 1
4104.00 6499.00 4132.00 1082130432 32768 128 32
131328.00 817.00 -18391.00 1082130432 32768 128 1
4104.00 4484.00 5207.00 1082130432 32768 128 32
131328.00 -860.00 -16664.00 1082130432 32768 128 1
4104.00 7189.00 5310.00 1082130432 32768 128 32
131328.00 -324.00 -16792.00 1082130432 32768 128 1
4104.00 6745.00 5181.00 1082130432 32768 128 32
131328.00 245.00 -17201.00 1082130432 32768 128 1
4104.00 5781.00 4806.00 1082130432 32768 128 32
131328.00 -573.00 -17635.00 1082130432 32768 128 1
4104.00 6254.00 4175.00 1082130432 32768 128 32
131328.00 -451.00 -17553.00 1082130432 32768 128 1
4104.00 7003.00 5401.00 1082130432 32768 128 32
131328.00 378.00 -17060.00 1082130432 32768 128 1
4104.00 6007.00 6315.00 1082130432 32768 128 32
131328.00 35.00 -16701.00 1082130432 32768 128 1
4104.00 6828.00 5937.00 1082130432 32768 128 32
131328.00 361.00 -16862.00 1082130432 32768 128 1
4104.00 6366.00 5268.00 1082130432 32768 128 32
131328.00 -1094.00 -16180.00 1082130432 32768 128 1
4104.00 5017.00 6878.00 1082130432 32768 128 32
131328.00 -381.00 -16931.00 1082130432 32768 128 1
4104.00 4774.00 7470.00 1082130432 32768 128 32
131328.00 -51.00 -16807.00 1082130432 32768 128 1
4104.00 6561.00 5100.00 1082130432 32768 128 32
131328.00 145.00 -17795.00 1082130432 32768 128 1
4104.00 5366.00 4188.00 1082130432 32768 128 32
131328.00 -1411.00 -16550.00 1082130432 32768 128 1
4104.00 6412.00 7353.00 1082130432 32768 128 32
131328.00 558.00 -17454.00 1082130432 32768 128 1
4104.00 6714.00 7492.00 1082130432 32768 128 32
131328.00 -480.00 -17696.00 1082130432 32768 128 1
4104.00 7301.00 6526.00 1082130432 32768 128 32
131328.00 520.00 -17814.00 1082130432 32768 128 1
4104.00 7529.00 8092.00 1082130432 32768 128 32
131328.00 -691.00 -17370.00 1082130432 32768 128 1
4104.00 6921.00 5626.00 1082130432 32768 128 32
131328.00 859.00 -16786.00 1082130432 32768 128 1
4104.00 5745.00 8184.00 1082130432 32768 128 32
131328.00 375.00 -16990.00 1082130432 32768 128 1
4104.00 7290.00 6107.00 1082130432 32768 128 32
131328.00 -424.00 -15859.00 1082130432 32768 128 1
4104.00 6861.00 8075.00 1082130432 32768 128 32
131328.00 -89.00 -17703.00 1082130432 32768 128 1
4104.00 4707.00 7703.00 1082130432 32768 128 32
131328.00 -218.00 -16281.00 1082130432 32768 128 1
4104.00 6731.00 5573.00 1082130432 32768 128 32
131328.00 -298.00 -16898.00 1082130432 32768 128 1
4104.00 7107.00 5227.00 1082130432 32768 128 32
131328.00 103.00 -16412.00 1082130432 32768 128 1
4104.00 6802.00 5321.00 1082130432 32768 128 32
131328.00 -576.00 -17775.00 1082130432 32768 128 1
4104.00 6912.00 5047.00 1082130432 32768 128 32
131328.00 708.00 -17798.00 1082130432 32768 128 1
4104.00 6914.00 6092.00 1082130432 32768 128 32
131328.00 -835.00 -16193.00 1082130432 32768 128 1
4104.00 5190.00 8253.00 1082130432 32768 128 32
131328.00 681.00 -17297.00 1082130432 32768 128 1
4104.00 6748.00 6337.00 1082130432 32768 128 32
131328.00 -1066.00 -16734.00 1082130432 32768 128 1
4104.00 7427.00 5701.00 1082130432 32768 128 32
131328.00 -1264.00 -16111.00 1082130432 32768 128 1
4104.00 5513.00 6882.00 1082130432 32768 128 32
131328.00 -819.00 -16382.00 1082130432 32768 128 1
4104.00 6373.00 5696.00 1082130432 32768 128 32
131328.00 -29.00 -16166.00 1082130432 32768 128 1
4104.00 7920.00 7339.00 1082130432 32768 128 32
131328.00 -1164.00 -16824.00 1082130432 32768 128 1
4104.00 6391.00 3885.00 1082130432 32768 128 32
131328.00 34.00 -17609.00 1082130432 32768 128 1
4104.00 6112.00 9593.00 1082130432 32768 128 32
131328.00 270.00 -17616.00 1082130432 32768 128 1
4104.00 3025.00 6824.00 1082130432 32768 128 32
131328.00 -785.00 -16164.00 1082130432 32768 128 1
4104.00 7515.00 5201.00 1082130432 32768 128 32
131328.00 -399.00 -15419.00 1082130432 32768 128 1
4104.00 6464.00 7771.00 1082130432 32768 128 32
131328.00 -137.00 -17652.00 1082130432 32768 128 1
4104.00 7395.00 5848.00 1082130432 32768 128 32
131328.00 -951.00 -16149.00 1082130432 32768 128 1
4104.00 6473.00 6106.00 1082130432 32768 128 32
131328.00 -629.00 -16179.00 1082130432 32768 128 1
4104.00 7727.00 7298.00 1082130432 32768 128 32
131328.00 -658.00 -17547.00 1082130432 32768 128 1
4104.00 5086.00 3991.00 1082130432 32768 128 32
131328.00 -1483.00 -16836.00 1082130432 32768 128 1
4104.00 6169.00 3927.00 1082130432 32768 128 32
131328.00 -327.00 -18034.00 1082130432 32768 128 1
4104.00 7780.00 6071.00 1082130432 32768 128 32
131328.00 -598.00 -16766.00 1082130432 32768 128 1
4104.00 4118.00 8079.00 1082130432 32768 128 32
131328.00 -30.00 -16316.00 1082130432 32768 128 1
4104.00 5974.00 5877.00 1082130432 32768 128 32
131328.00 -906.00 -16501.00 1082130432 32768 128 1
4104.00 5900.00 6416.00 1082130432 32768 128 32
131328.00 -275.00 -17435.00 1082130432 32768 128 1
4104.00 6814.00 5283.00 1082130432 32768 128 32
131328.00 689.00 -17638.00 1082130432 32768 128 1
4104.00 6377.00 6403.00 1082130432 32768 128 32
131328.00 -20.00 -16317.00 1082130432 32768 128 1
4104.00 7882.00 7320.00 1082130432 32768 128 32
131328.00 -1793.00 -16596.00 1082130432 32768 128 1
4104.00 5278.00 4024.00 1082130432 32768 128 32
131328.00 -1219.00 -16525.00 1082130432 32768 128 1
4104.00 7725.00 5253.00 1082130432 32768 128 32
131328.00 -772.00 -16544.00 1082130432 32768 128 1
4104.00 6786.00 8042.00 1082130432 32768 128 32
131328.00 1012.00 -17740.00 1082130432 32768 128 1
4104.00 4944.00 4962.00 1082130432 32768 128 32
131328.00 -989.00 -16160.00 1082130432 32768 128 1
4104.00 5020.00 4425.00 1082130432 32768 128 32
131328.00 -1058.00 -16630.00 1082130432 32768 128 1
4104.00 7489.00 4757.00 1082130432 32768 128 32
131328.00 -97.00 -15820.00 1082130432 32768 128 1
4104.00 4722.00 5091.00 1082130432 32768 128 32
131328.00 -539.00 -16263.00 1082130432 32768 128 1
4104.00 6512.00 8195.00 1082130432 32768 128 32
131328.00 -1.00 -17414.00 1082130432 32768 128 1
4104.00 6058.00 8675.00 1082130432 32768 128 32
131328.00 858.00 -17291.00 1082130432 32768 128 1
4104.00 7585.00 6402.00 1082130432 32768 128 32
131328.00 -1309.00 -15986.00 1082130432 32768 128 1
4104.00 5364.00 6556.00 1082130432 32768 128 32
131328.00 268.00 -17523.00 1082130432 32768 128 1
4104.00 6978.00 6101.00 1082130432 32768 128 32
131328.00 -1009.00 -16184.00 1082130432 32768 128 1
4104.00 4399.00 7008.00 1082130432 32768 128 32
131328.00 -723.00 -16075.00 1082130432 32768 128 1
4104.00 6859.00 5261.00 1082130432 32768 128 32
131328.00 -796.00 -16021.00 1082130432 32768 128 1
4104.00 3057.00 6708.00 1082130432 32768 128 32
131328.00 -445.00 -15621.00 1082130432 32768 128 1
4104.00 7667.00 5229.00 1082130432 32768 128 32
131328.00 -613.00 -16222.00 1082130432 32768 128 1
4104.00 6604.00 5606.00 1082130432 32768 128 32
131328.00 2.00 -16262.00 1082130432 32768 128 1
4104.00 6459.00 5230.00 1082130432 32768 128 32
131328.00 -1295.00 -16819.00 1082130432 32768 128 1
4104.00 6597.00 4140.00 1082130432 32768 128 32
131328.00 335.00 -17708.00 1082130432 32768 128 1
4104.00 6255.00 4793.00 1082130432 32768 128 32
131328.00 -649.00 -17548.00 1082130432 32768 128 1
4104.00 5847.00 4069.00 1082130432 32768 128 32
131328.00 -1117.00 -17305.00 1082130432 32768 128 1
4104.00 7171.00 5129.00 1082130432 32768 128 32
131328.00 518.00 -16732.00 1082130432 32768 128 1
4104.00 6230.00 5938.00 1082130432 32768 128 32
131328.00 -1221.00 -16369.00 1082130432 32768 128 1
4104.00 7596.00 7179.00 1082130432 32768 128 32
131328.00 -776.00 -17974.00 1082130432 32768 128 1
4104.00 6634.00 6714.00 1082130432 32768 128 32
131328.00 -920.00 -17553.00 1082130432 32768 128 1
4104.00 5543.00 7874.00 1082130432 32768 128 32
131328.00 1092.00 -17734.00 1082130432 32768 128 1
4104.00 6290.00 5103.00 1082130432 32768 128 32
131328.00 -773.00 -17597.00 1082130432 32768 128 1
4104.00 7651.00 5519.00 1082130432 32768 128 32
131328.00 -202.00 -16279.00 1082130432 32768 128 1
4104.00 6077.00 4436.00 1082130432 32768 128 32
131328.00 -1013.00 -17712.00 1082130432 32768 128 1
4104.00 6647.00 4924.00 1082130432 32768 128 32
131328.00 257.00 -16447.00 1082130432 32768 128 1
4104.00 6700.00 6265.00 1082130432 32768 128 32
131328.00 -551.00 -17384.00 1082130432 32768 128 1
4104.00 6375.00 5714.00 1082130432 32768 128 32
131328.00 -646.00 -15791.00 1082130432 32768 128 1
4104.00 6147.00 5541.00 1082130432 32768 128 32
131328.00 78.00 -17685.00 1082130432 32768 128 1
4104.00 3523.00 5255.00 1082130432 32768 128 32
131328.00 -1267.00 -16144.00 1082130432 32768 128 1
4104.00 5963.00 6552.00 1082130432 32768 128 32
131328.00 -56.00 -17526.00 1082130432 32768 128 1
4104.00 6101.00 4723.00 1082130432 32768 128 32
131328.00 -863.00 -17085.00 1082130432 32768 128 1
4104.00 7005.00 6156.00 1082130432 32768 128 32
131328.00 -1243.00 -16517.00 1082130432 32768 128 1
4104.00 5585.00 8781.00 1082130432 32768 128 32
131328.00 252.00 -16996.00 1082130432 32768 128 1
4104.00 6853.00 7272.00 1082130432 32768 128 32
131328.00 455.00 -17759.00 1082130432 32768 128 1
4104.00 3714.00 7103.00 1082130432 32768 128 32
131328.00 -932.00 -16266.00 1082130432 32768 128 1
4104.00 7263.00 5927.00 1082130432 32768 128 32
131328.00 -1281.00 -16403.00 1082130432 32768 128 1
4104.00 6031.00 4857.00 1082130432 32768 128 32
131328.00 -996.00 -17622.00 1082130432 32768 128 1
4104.00 5521.00 3702.00 1082130432 32768 128 32
131328.00 -404.00 -18362.00 1082130432 32768 128 1
4104.00 5042.00 8754.00 1082130432 32768 128 32
131328.00 649.00 -16881.00 1082130432 32768 128 1
4104.00 7625.00 7649.00 1082130432 32768 128 32
131328.00 -1002.00 -17539.00 1082130432 32768 128 1
4104.00 6610.00 5323.00 1082130432 32768 128 32
131328.00 -231.00 -16467.00 1082130432 32768 128 1
4104.00 5589.00 8527.00 1082130432 32768 128 32
131328.00 656.00 -17542.00 1082130432 32768 128 1
4104.00 3296.00 5958.00 1082130432 32768 128 32
131328.00 -786.00 -16312.00 1082130432 32768 128 1
4104.00 6134.00 4358.00 1082130432 32768 128 32
131328.00 -856.00 -17585.00 1082130432 32768 128 1
4104.00 7313.00 5787.00 1082130432 32768 128 32
131328.00 -1073.00 -16388.00 1082130432 32768 128 1
4104.00 6980.00 6317.00 1082130432 32768 128 32
131328.00 -1290.00 -17189.00 1082130432 32768 128 1
4104.00 6880.00 7567.00 1082130432 32768 128 32
131328.00 -389.00 -16989.00 1082130432 32768 128 1
4104.00 4442.00 7287.00 1082130432 32768 128 32
131328.00 -436.00 -16250.00 1082130432 32768 128 1
4104.00 5730.00 4756.00 1082130432 32768 128 32
131328.00 -817.00 -17600.00 1082130432 32768 128 1
4104.00 4160.00 4071.00 1082130432 32768 128 32
131328.00 -1308.00 -16340.00 1082130432 32768 128 1
4104.00 4887.00 3789.00 1082130432 32768 128 32
131328.00 -1016.00 -16466.00 1082130432 32768 128 1
4104.00 7314.00 5788.00 1082130432 32768 128 32
131328.00 -969.00 -15995.00 1082130432 32768 128 1
4104.00 6282.00 7235.00 1082130432 32768 128 32
131328.00 -332.00 -17609.00 1082130432 32768 128 1
4104.00 7325.00 7139.00 1082130432 32768 128 32
131328.00 -727.00 -17522.00 1082130432 32768 128 1
4104.00 6102.00 5956.00 1082130432 32768 128 32
131328.00 -958.00 -15923.00 1082130432 32768 128 1
4104.00 6772.00 5682.00 1082130432 32768 128 32
131328.00 522.00 -16914.00 1082130432 32768 128 1
4104.00 6143.00 5840.00 1082130432 32768 128 32
131328.00 -1304.00 -16076.00 1082130432 32768 128 1
4104.00 5306.00 8470.00 1082130432 32768 128 32
131328.00 717.00 -16913.00 1082130432 32768 128 1
4104.00 6908.00 6898.00 1082130432 32768 128 32
131328.00 909.00 -17547.00 1082130432 32768 128 1
4104.00 6704.00 9003.00 1082130432 32768 128 32
131328.00 15.00 -17983.00 1082130432 32768 128 1
4104.00 6465.00 6107.00 1082130432 32768 128 32
131328.00 -532.00 -17518.00 1082130432 32768 128 1
4104.00 5344.00 4455.00 1082130432 32768 128 32
131328.00 -965.00 -16821.00 1082130432 32768 128 1
4104.00 6514.00 4170.00 1082130432 32768 128 32
131328.00 195.00 -17732.00 1082130432 32768 128 1
4104.00 7128.00 5087.00 1082130432 32768 128 32
131328.00 1510.00 -17462.00 1082130432 32768 128 1
4104.00 5509.00 8391.00 1082130432 32768 128 32
131328.00 744.00 -17428.00 1082130432 32768 128 1
4104.00 7655.00 6869.00 1082130432 32768 128 32
131328.00 -68.00 -18393.00 1082130432 32768 128 1
4104.00 5647.00 4178.00 1082130432 32768 128 32
131328.00 -1109.00 -16886.00 1082130432 32768 128 1
4104.00 5862.00 8429.00 1082130432 32768 128 32
131328.00 1176.00 -17841.00 1082130432 32768 128 1
4104.00 5446.00 4645.00 1082130432 32768 128 32
131328.00 -1184.00 -16253.00 1082130432 32768 128 1
4104.00 6377.00 3963.00 1082130432 32768 128 32
131328.00 -166.00 -17689.00 1082130432 32768 128 1
4104.00 6239.00 4228.00 1082130432 32768 128 32
131328.00 -258.00 -17761.00 1082130432 32768 128 1
4104.00 4719.00 7058.00 1082130432 32768 128 32
131328.00 -587.00 -16544.00 1082130432 32768 128 1
4104.00 4976.00 8608.00 1082130432 32768 128 32
131328.00 142.00 -16468.00 1082130432 32768 128 1
4104.00 4644.00 4758.00 1082130432 32768 128 32
131328.00 -934.00 -16761.00 1082130432 32768 128 1
4104.00 2668.00 4790.00 1082130432 32768 128 32
131328.00 -773.00 -15862.00 1082130432 32768 128 1
4104.00 6722.00 8344.00 1082130432 32768 128 32
131328.00 341.00 -17659.00 1082130432 32768 128 1
4104.00 7137.00 6444.00 1082130432 32768 128 32
131328.00 -1410.00 -16680.00 1082130432 32768 128 1
4104.00 5957.00 4438.00 1082130432 32768 128 32
131328.00 -590.00 -17738.00 1082130432 32768 128 1
4104.00 4727.00 9280.00 1082130432 32768 128 32
131328.00 930.00 -16803.00 1082130432 32768 128 1
4104.00 7483.00 5533.00 1082130432 32768 128 32
131328.00 -372.00 -16143.00 1082130432 32768 128 1
4104.00 5639.00 7593.00 1082130432 32768 128 32
131328.00 493.00 -16623.00 1082130432 32768 128 1
4104.00 7846.00 5672.00 1082130432 32768 128 32
131328.00 -842.00 -16103.00 1082130432 32768 128 1
4104.00 3568.00 6404.00 1082130432 32768 128 32
131328.00 -465.00 -16597.00 1082130432 32768 128 1
4104.00 6718.00 4485.00 1082130432 32768 128 32
131328.00 -96.00 -16542.00 1082130432 32768 128 1
4104.00 6643.00 5933.00 1082130432 32768 128 32
131328.00 -1661.00 -16500.00 1082130432 32768 128 1
4104.00 6339.00 5375.00 1082130432 32768 128 32
131328.00 -952.00 -16478.00 1082130432 32768 128 1
4104.00 5113.00 4703.00 1082130432 32768 128 32
131328.00 -658.00 -16391.00 1082130432 32768 128 1
4104.00 6193.00 5519.00 1082130432 32768 128 32
131328.00 -962.00 -17242.00 1082130432 32768 128 1
4104.00 4661.00 4178.00 1082130432 32768 128 32
131328.00 -1091.00 -16398.00 1082130432 32768 128 1
4104.00 7144.00 5210.00 1082130432 32768 128 32
131328.00 -1021.00 -16220.00 1082130432 32768 128 1
4104.00 6516.00 5575.00 1082130432 32768 128 32
131328.00 471.00 -16732.00 1082130432 32768 128 1
4104.00 6949.00 5396.00 1082130432 32768 128 32
131328.00 96.00 -16821.00 1082130432 32768 128 1
4104.00 5820.00 8674.00 1082130432 32768 128 32
131328.00 883.00 -16149.00 1082130432 32768 128 1
4104.00 4463.00 4552.00 1082130432 32768 128 32
131328.00 -960.00 -16746.00 1082130432 32768 128 1
4104.00 5342.00 3806.00 1082130432 32768 128 32
131328.00 -1218.00 -16880.00 1082130432 32768 128 1
4104.00 6674.00 4989.00 1082130432 32768 128 32
131328.00 349.00 -17139.00 1082130432 32768 128 1
4104.00 6242.00 4880.00 1082130432 32768 128 32
131328.00 -1303.00 -17508.00 1082130432 32768 128 1
4104.00 4743.00 4180.00 1082130432 32768 128 32
131328.00 -1038.00 -16307.00 1082130432 32768 128 1
4104.00 5737.00 4042.00 1082130432 32768 128 32
131328.00 -558.00 -16983.00 1082130432 32768 128 1
4104.00 5873.00 4744.00 1082130432 32768 128 32
131328.00 -840.00 -17564.00 1082130432 32768 128 1
4104.00 6805.00 5175.00 1082130432 32768 128 32
131328.00 263.00 -16868.00 1082130432 32768 128 1
4104.00 5811.00 4301.00 1082130432 32768 128 32
131328.00 -786.00 -16298.00 1082130432 32768 128 1
4104.00 7261.00 7242.00 1082130432 32768 128 32
131328.00 1177.00 -18304.00 1082130432 32768 128 1
4104.00 2751.00 5940.00 1082130432 32768 128 32
131328.00 -820.00 -16054.00 1082130432 32768 128 1
4104.00 4829.00 8373.00 1082130432 32768 128 32
131328.00 583.00 -17292.00 1082130432 32768 128 1
4104.00 6623.00 7884.00 1082130432 32768 128 32
131328.00 356.00 -18259.00 1082130432 32768 128 1
4104.00 5646.00 4398.00 1082130432 32768 128 32
131328.00 -1376.00 -16269.00 1082130432 32768 128 1
4104.00 6370.00 5463.00 1082130432 32768 128 32
131328.00 434.00 -17817.00 1082130432 32768 128 1
4104.00 6009.00 8562.00 1082130432 32768 128 32
131328.00 785.00 -17878.00 1082130432 32768 128 1
4104.00 5918.00 4229.00 1082130432 32768 128 32
131328.00 -1082.00 -17551.00 1082130432 32768 128 1
4104.00 4568.00 8666.00 1082130432 32768 128 32
131328.00 921.00 -17415.00 1082130432 32768 128 1
4104.00 6394.00 4974.00 1082130432 32768 128 32
131328.00 -338.00 -16643.00 1082130432 32768 128 1
4104.00 7025.00 5636.00 1082130432 32768 128 32
131328.00 -504.00 -16842.00 1082130432 32768 128 1
4104.00 3930.00 7285.00 1082130432 32768 128 32
131328.00 -618.00 -16183.00 1082130432 32768 128 1
4104.00 4761.00 6866.00 1082130432 32768 128 32
131328.00 -675.00 -16582.00 1082130432 32768 128 1
4104.00 4357.00 7440.00 1082130432 32768 128 32
131328.00 774.00 -16771.00 1082130432 32768 128 1
4104.00 5320.00 8559.00 1082130432 32768 128 32
131328.00 434.00 -16734.00 1082130432 32768 128 1
4104.00 5934.00 4507.00 1082130432 32768 128 32
131328.00 -1335.00 -17068.00 1082130432 32768 128 1
4104.00 3813.00 4562.00 1082130432 32768 128 32
131328.00 -983.00 -16227.00 1082130432 32768 128 1
4104.00 5937.00 4809.00 1082130432 32768 128 32
131328.00 -310.00 -18109.00 1082130432 32768 128 1
4104.00 3887.00 5009.00 1082130432 32768 128 32
131328.00 -1462.00 -16650.00 1082130432 32768 128 1
4104.00 7012.00 4944.00 1082130432 32768 128 32
131328.00 168.00 -16723.00 1082130432 32768 128 1
4104.00 6229.00 6042.00 1082130432 32768 128 32
131328.00 -1080.00 -15990.00 1082130432 32768 128 1
4104.00 6065.00 5151.00 1082130432 32768 128 32
131328.00 -27.00 -17104.00 1082130432 32768 128 1
4104.00 6017.00 9053.00 1082130432 32768 128 32
131328.00 888.00 -17820.00 1082130432 32768 128 1
4104.00 7310.00 7910.00 1082130432 32768 128 32
131328.00 -665.00 -17781.00 1082130432 32768 128 1
4104.00 6039.00 4253.00 1082130432 32768 128 32
131328.00 -512.00 -17824.00 1082130432 32768 128 1
4104.00 6434.00 7268.00 1082130432 32768 128 32
131328.00 -616.00 -17345.00 1082130432 32768 128 1
4104.00 5575.00 4538.00 1082130432 32768 128 32
131328.00 -654.00 -17378.00 1082130432 32768 128 1
4104.00 6720.00 4645.00 1082130432 32768 128 32
131328.00 -413.00 -16100.00 1082130432 32768 128 1
4104.00 7341.00 8294.00 1082130432 32768 128 32
131328.00 -835.00 -17951.00 1082130432 32768 128 1
4104.00 6743.00 7239.00 1082130432 32768 128 32
131328.00 -1212.00 -17572.00 1082130432 32768 128 1
4104.00 6339.00 4404.00 1082130432 32768 128 32
131328.00 50.00 -18219.00 1082130432 32768 128 1
4104.00 6810.00 7952.00 1082130432 32768 128 32
131328.00 -989.00 -17398.00 1082130432 32768 128 1
4104.00 6013.00 5762.00 1082130432 32768 128 32
131328.00 -752.00 -16068.00 1082130432 32768 128 1
4104.00 6188.00 4770.00 1082130432 32768 128 32
131328.00 -474.00 -18003.00 1082130432 32768 128 1
4104.00 5488.00 9165.00 1082130432 32768 128 32
131328.00 1337.00 -17477.00 1082130432 32768 128 1
4104.00 4590.00 7033.00 1082130432 32768 128 32
131328.00 38.00 -16650.00 1082130432 32768 128 1
4104.00 7461.00 6103.00 1082130432 32768 128 32
131328.00 -469.00 -15344.00 1082130432 32768 128 1
4104.00 5759.00 8462.00 1082130432 32768 128 32
131328.00 529.00 -17325.00 1082130432 32768 128 1
4104.00 6202.00 5428.00 1082130432 32768 128 32
131328.00 -483.00 -16567.00 1082130432 32768 128 1
4104.00 6265.00 7629.00 1082130432 32768 128 32
131328.00 -712.00 -17533.00 1082130432 32768 128 1
4104.00 5675.00 4074.00 1082130432 32768 128 32
131328.00 -1450.00 -16884.00 1082130432 32768 128 1
4104.00 6209.00 6462.00 1082130432 32768 128 32
131328.00 -155.00 -16940.00 1082130432 32768 128 1
4104.00 4638.00 5605.00 1082130432 32768 128 32
131328.00 -1202.00 -16224.00 1082130432 32768 128 1
4104.00 6858.00 5315.00 1082130432 32768 128 32
131328.00 -888.00 -16283.00 1082130432 32768 128 1
4104.00 6842.00 5500.00 1082130432 32768 128 32
131328.00 -511.00 -16560.00 1082130432 32768 128 1
4104.00 7785.00 7645.00 1082130432 32768 128 32
131328.00 -1251.00 -16941.00 1082130432 32768 128 1
4104.00 7997.00 6965.00 1082130432 32768 128 32
131328.00 -628.00 -17575.00 1082130432 32768 128 1
4104.00 6373.00 4030.00 1082130432 32768 128 32
131328.00 -907.00 -17443.00 1082130432 32768 128 1
4104.00 6281.00 3992.00 1082130432 32768 128 32
131328.00 -297.00 -17466.00 1082130432 32768 128 1
4104.00 6532.00 8846.00 1082130432 32768 128 32
131328.00 1043.00 -17259.00 1082130432 32768 128 1
4104.00 3439.00 6524.00 1082130432 32768 128 32
131328.00 -347.00 -16139.00 1082130432 32768 128 1
4104.00 5855.00 4779.00 1082130432 32768 128 32
131328.00 -932.00 -17156.00 1082130432 32768 128 1
4104.00 6370.00 4147.00 1082130432 32768 128 32
131328.00 -834.00 -17656.00 1082130432 32768 128 1
4104.00 2650.00 6840.00 1082130432 32768 128 32
131328.00 -581.00 -15498.00 1082130432 32768 128 1
4104.00 6176.00 5261.00 1082130432 32768 128 32
131328.00 -474.00 -15668.00 1082130432 32768 128 1
4104.00 7478.00 7857.00 1082130432 32768 128 32
131328.00 -624.00 -18144.00 1082130432 32768 128 1
4104.00 7360.00 5649.00 1082130432 32768 128 32
131328.00 -984.00 -15770.00 1082130432 32768 128 1
4104.00 6493.00 5643.00 1082130432 32768 128 32
131328.00 315.00 -17768.00 1082130432 32768 128 1
4104.00 7107.00 5777.00 1082130432 32768 128 32
131328.00 146.00 -16917.00 1082130432 32768 128 1
4104.00 6685.00 5914.00 1082130432 32768 128 32
131328.00 -216.00 -17756.00 1082130432 32768 128 1
4104.00 6102.00 8222.00 1082130432 32768 128 32
131328.00 798.00 -17001.00 1082130432 32768 128 1
4104.00 6326.00 5759.00 1082130432 32768 128 32
131328.00 -972.00 -16011.00 1082130432 32768 128 1
4104.00 6568.00 5049.00 1082130432 32768 128 32
131328.00 -549.00 -16213.00 1082130432 32768 128 1
4104.00 7200.00 6091.00 1082130432 32768 128 32
131328.00 -920.00 -17755.00 1082130432 32768 128 1
4104.00 7056.00 5052.00 1082130432 32768 128 32
131328.00 -978.00 -16248.00 1082130432 32768 128 1
4104.00 4867.00 8246.00 1082130432 32768 128 32
131328.00 1095.00 -17644.00 1082130432 32768 128 1
4104.00 7306.00 8363.00 1082130432 32768 128 32
131328.00 237.00 -17684.00 1082130432 32768 128 1
4104.00 7246.00 7820.00 1082130432 32768 128 32
131328.00 -567.00 -17591.00 1082130432 32768 128 1
4104.00 6805.00 5758.00 1082130432 32768 128 32
131328.00 445.00 -16607.00 1082130432 32768 128 1
4104.00 5875.00 7901.00 1082130432 32768 128 32
131328.00 915.00 -17874.00 1082130432 32768 128 1
4104.00 6697.00 5636.00 1082130432 32768 128 32
131328.00 -211.00 -16551.00 1082130432 32768 128 1
4104.00 5242.00 8887.00 1082130432 32768 128 32
131328.00 644.00 -17065.00 1082130432 32768 128 1
4104.00 7088.00 6079.00 1082130432 32768 128 32
131328.00 -1006.00 -16760.00 1082130432 32768 128 1
4104.00 5307.00 3286.00 1082130432 32768 128 32
131328.00 -520.00 -17542.00 1082130432 32768 128 1
4104.00 4147.00 8887.00 1082130432 32768 128 32
131328.00 588.00 -16748.00 1082130432 32768 128 1
4104.00 7324.00 6739.00 1082130432 32768 128 32
131328.00 -1339.00 -16310.00 1082130432 32768 128 1
4104.00 4458.00 7698.00 1082130432 32768 128 32
131328.00 -480.00 -16170.00 1082130432 32768 128 1
4104.00 6311.00 5886.00 1082130432 32768 128 32
131328.00 -1180.00 -15784.00 1082130432 32768 128 1
4104.00 6752.00 5642.00 1082130432 32768 128 32
131328.00 36.00 -16126.00 1082130432 32768 128 1
4104.00 6040.00 8582.00 1082130432 32768 128 32
131328.00 546.00 -16871.00 1082130432 32768 128 1
4104.00 7681.00 5586.00 1082130432 32768 128 32
131328.00 -547.00 -16017.00 1082130432 32768 128 1
4104.00 3915.00 6492.00 1082130432 32768 128 32
131328.00 -682.00 -16417.00 1082130432 32768 128 1
4104.00 6369.00 5890.00 1082130432 32768 128 32
131328.00 -437.00 -16875.00 1082130432 32768 128 1
4104.00 7387.00 5557.00 1082130432 32768 128 32
131328.00 147.00 -15824.00 1082130432 32768 128 1
4104.00 4078.00 5638.00 1082130432 32768 128 32
131328.00 -1127.00 -16389.00 1082130432 32768 128 1
4104.00 6306.00 8738.00 1082130432 32768 128 32
131328.00 328.00 -17771.00 1082130432 32768 128 1
4104.00 3097.00 6134.00 1082130432 32768 128 32
131328.00 -705.00 -16190.00 1082130432 32768 128 1
4104.00 7030.00 8193.00 1082130432 32768 128 32
131328.00 -321.00 -17839.00 1082130432 32768 128 1
4104.00 5659.00 7985.00 1082130432 32768 128 32
131328.00 -360.00 -16171.00 1082130432 32768 128 1
4104.00 6353.00 6123.00 1082130432 32768 128 32
131328.00 986.00 -17322.00 1082130432 32768 128 1
4104.00 5370.00 4687.00 1082130432 32768 128 32
131328.00 -600.00 -16908.00 1082130432 32768 128 1
4104.00 6969.00 5035.00 1082130432 32768 128 32
131328.00 654.00 -16825.00 1082130432 32768 128 1
4104.00 7265.00 5173.00 1082130432 32768 128 32
131328.00 463.00 -16946.00 1082130432 32768 128 1
4104.00 7579.00 7716.00 1082130432 32768 128 32
131328.00 -272.00 -18237.00 1082130432 32768 128 1
4104.00 8002.00 6261.00 1082130432 32768 128 32
131328.00 -327.00 -18069.00 1082130432 32768 128 1
4104.00 6709.00 6236.00 1082130432 32768 128 32
131328.00 -1424.00 -16362.00 1082130432 32768 128 1
4104.00 4297.00 6210.00 1082130432 32768 128 32
131328.00 -694.00 -16291.00 1082130432 32768 128 1
4104.00 6224.00 5483.00 1082130432 32768 128 32
131328.00 -3.00 -17726.00 1082130432 32768 128 1
4104.00 5585.00 9033.00 1082130432 32768 128 32
131328.00 1420.00 -17676.00 1082130432 32768 128 1
4104.00 5602.00 4095.00 1082130432 32768 128 32
131328.00 -747.00 -17019.00 1082130432 32768 128 1
4104.00 7340.00 7699.00 1082130432 32768 128 32
131328.00 115.00 -17135.00 1082130432 32768 128 1
4104.00 7144.00 7217.00 1082130432 32768 128 32
131328.00 -749.00 -17434.00 1082130432 32768 128 1
4104.00 6693.00 9041.00 1082130432 32768 128 32
131328.00 632.00 -17875.00 1082130432 32768 128 1
4104.00 6603.00 8613.00 1082130432 32768 128 32
131328.00 741.00 -17818.00 1082130432 32768 128 1
4104.00 6107.00 8904.00 1082130432 32768 128 32
131328.00 209.00 -17097.00 1082130432 32768 128 1
4104.00 6410.00 7787.00 1082130432 32768 128 32
131328.00 -474.00 -17677.00 1082130432 32768 128 1
4104.00 7313.00 8393.00 1082130432 32768 128 32
131328.00 -338.00 -17955.00 1082130432 32768 128 1
4104.00 6906.00 8072.00 1082130432 32768 128 32
131328.00 -598.00 -17863.00 1082130432 32768 128 1
4104.00 6735.00 4692.00 1082130432 32768 128 32
131328.00 -214.00 -17569.00 1082130432 32768 128 1
4104.00 3717.00 7983.00 1082130432 32768 128 32
131328.00 -499.00 -16284.00 1082130432 32768 128 1
4104.00 7090.00 5343.00 1082130432 32768 128 32
131328.00 -1135.00 -16137.00 1082130432 32768 128 1
4104.00 6881.00 8363.00 1082130432 32768 128 32
131328.00 191.00 -17521.00 1082130432 32768 128 1
4104.00 5692.00 8226.00 1082130432 32768 128 32
131328.00 431.00 -17270.00 1082130432 32768 128 1
4104.00 6426.00 6104.00 1082130432 32768 128 32
131328.00 241.00 -16215.00 1082130432 32768 128 1
4104.00 6446.00 4665.00 1082130432 32768 128 32
131328.00 -241.00 -17490.00 1082130432 32768 128 1
4104.00 6132.00 5657.00 1082130432 32768 128 32
131328.00 -584.00 -17167.00 1082130432 32768 128 1
4104.00 4978.00 4368.00 1082130432 32768 128 32
131328.00 -1261.00 -16051.00 1082130432 32768 128 1
4104.00 6453.00 5219.00 1082130432 32768 128 32
131328.00 -386.00 -16566.00 1082130432 32768 128 1
4104.00 3838.00 7646.00 1082130432 32768 128 32
131328.00 -146.00 -16454.00 1082130432 32768 128 1
4104.00 6478.00 4112.00 1082130432 32768 128 32
131328.00 71.00 -16510.00 1082130432 32768 128 1
4104.00 7511.00 7911.00 1082130432 32768 128 32
131328.00 -1398.00 -17621.00 1082130432 32768 128 1
4104.00 6679.00 5696.00 1082130432 32768 128 32
131328.00 -48.00 -16550.00 1082130432 32768 128 1
4104.00 4995.00 4329.00 1082130432 32768 128 32
131328.00 -766.00 -16503.00 1082130432 32768 128 1
4104.00 6674.00 8396.00 1082130432 32768 128 32
131328.00 403.00 -17278.00 1082130432 32768 128 1
4104.00 5848.00 5111.00 1082130432 32768 128 32
131328.00 -1057.00 -17029.00 1082130432 32768 128 1
4104.00 5913.00 7256.00 1082130432 32768 128 32
131328.00 -200.00 -17437.00 1082130432 32768 128 1
4104.00 5994.00 5744.00 1082130432 32768 128 32
131328.00 -910.00 -16552.00 1082130432 32768 128 1
4104.00 5735.00 4396.00 1082130432 32768 128 32
131328.00 -911.00 -17324.00 1082130432 32768 128 1
4104.00 3663.00 6804.00 1082130432 32768 128 32
131328.00 -350.00 -15670.00 1082130432 32768 128 1
4104.00 5829.00 5846.00 1082130432 32768 128 32
131328.00 64.00 -16577.00 1082130432 32768 128 1
4104.00 6479.00 9899.00 1082130432 32768 128 32
131328.00 232.00 -17488.00 1082130432 32768 128 1
4104.00 6348.00 4677.00 1082130432 32768 128 32
131328.00 -341.00 -17396.00 1082130432 32768 128 1
4104.00 5984.00 4486.00 1082130432 32768 128 32
131328.00 -1168.00 -16867.00 1082130432 32768 128 1
4104.00 4359.00 6380.00 1082130432 32768 128 32
131328.00 -440.00 -16464.00 1082130432 32768 128 1
4104.00 5608.00 4578.00 1082130432 32768 128 32
131328.00 -915.00 -17604.00 1082130432 32768 128 1
4104.00 3038.00 6569.00 1082130432 32768 128 32
131328.00 -212.00 -16148.00 1082130432 32768 128 1
4104.00 6764.00 5974.00 1082130432 32768 128 32
131328.00 176.00 -18111.00 1082130432 32768 128 1
4104.00 5492.00 7899.00 1082130432 32768 128 32
131328.00 -153.00 -15717.00 1082130432 32768 128 1
4104.00 7078.00 6861.00 1082130432 32768 128 32
131328.00 -1387.00 -16575.00 1082130432 32768 128 1
4104.00 6552.00 4551.00 1082130432 32768 128 32
131328.00 71.00 -17719.00 1082130432 32768 128 1
4104.00 6523.00 6611.00 1082130432 32768 128 32
131328.00 -448.00 -16562.00 1082130432 32768 128 1
4104.00 6490.00 5673.00 1082130432 32768 128 32
131328.00 -952.00 -16376.00 1082130432 32768 128 1
4104.00 5181.00 8783.00 1082130432 32768 128 32
131328.00 364.00 -16586.00 1082130432 32768 128 1
4104.00 6973.00 6615.00 1082130432 32768 128 32
131328.00 -1149.00 -16619.00 1082130432 32768 128 1
4104.00 6517.00 5769.00 1082130432 32768 128 32
131328.00 -212.00 -18013.00 1082130432 32768 128 1
4104.00 7302.00 6011.00 1082130432 32768 128 32
131328.00 -685.00 -15975.00 1082130432 32768 128 1
4104.00 6049.00 7792.00 1082130432 32768 128 32
131328.00 676.00 -16208.00 1082130432 32768 128 1
4104.00 7233.00 6256.00 1082130432 32768 128 32
131328.00 -934.00 -16279.00 1082130432 32768 128 1
4104.00 6383.00 4619.00 1082130432 32768 128 32
131328.00 -542.00 -17538.00 1082130432 32768 128 1
4104.00 6265.00 7907.00 1082130432 32768 128 32
131328.00 -142.00 -17404.00 1082130432 32768 128 1
4104.00 5052.00 4405.00 1082130432 32768 128 32
131328.00 -1002.00 -16740.00 1082130432 32768 128 1
4104.00 6826.00 5327.00 1082130432 32768 128 32
131328.00 160.00 -17388.00 1082130432 32768 128 1
4104.00 4044.00 6744.00 1082130432 32768 128 32
131328.00 -702.00 -16097.00 1082130432 32768 128 1
4104.00 5275.00 3844.00 1082130432 32768 128 32
131328.00 -1081.00 -17110.00 1082130432 32768 128 1
4104.00 4835.00 8432.00 1082130432 32768 128 32
131328.00 241.00 -17098.00 1082130432 32768 128 1
4104.00 5597.00 4192.00 1082130432 32768 128 32
131328.00 -1193.00 -16739.00 1082130432 32768 128 1
4104.00 4213.00 7280.00 1082130432 32768 128 32
131328.00 28.00 -16276.00 1082130432 32768 128 1
4104.00 6450.00 6017.00 1082130432 32768 128 32
131328.00 -1116.00 -16276.00 1082130432 32768 128 1
4104.00 7349.00 6867.00 1082130432 32768 128 32
131328.00 -1319.00 -16909.00 1082130432 32768 128 1
4104.00 4614.00 4558.00 1082130432 32768 128 32
131328.00 -850.00 -16889.00 1082130432 32768 128 1
4104.00 3055.00 6554.00 1082130432 32768 128 32
131328.00 -479.00 -16215.00 1082130432 32768 128 1
4104.00 7301.00 5133.00 1082130432 32768 128 32
131328.00 269.00 -17012.00 1082130432 32768 128 1
4104.00 6720.00 7380.00 1082130432 32768 128 32