frq I Q
4104.00 524287.00 -89731.00
131328.00 507919.00 -524148.00
4104.00 507904.00 -83756.00
131328.00 507904.00 -524084.00
4104.00 507771.00 -82743.00
131328.00 507904.00 -524288.00
4104.00 508289.00 -84379.00
131328.00 485185.00 -524085.00
4104.00 509303.00 -83933.00
131328.00 485411.00 -524288.00
4104.00 509313.00 -83828.00
131328.00 465823.00 -524024.00
4104.00 510071.00 -84255.00
131328.00 450002.00 -524288.00
4104.00 510285.00 -85867.00
131328.00 468694.00 -524288.00
4104.00 509934.00 -84615.00
131328.00 445734.00 -520760.00
4104.00 510554.00 -84365.00
131328.00 462675.00 -524253.00
4104.00 510250.00 -78559.00
131328.00 454470.00 -524288.00
4104.00 510275.00 -86497.00
131328.00 448577.00 -523740.00
4104.00 510232.00 -84401.00
131328.00 446944.00 -524250.00
4104.00 510441.00 -84732.00
131328.00 455974.00 -524165.00
4104.00 510589.00 -83827.00
131328.00 470806.00 -524288.00
4104.00 509691.00 -84321.00
131328.00 455555.00 -524288.00
4104.00 510082.00 -84205.00
131328.00 450067.00 -524288.00
4104.00 509480.00 -89112.00
131328.00 450362.00 -524288.00
4104.00 510330.00 -84571.00
131328.00 443393.00 -524031.00
4104.00 510714.00 -84774.00
131328.00 444281.00 -523716.00
4104.00 510616.00 -83896.00
131328.00 449207.00 -524288.00
4104.00 510267.00 -84563.00
131328.00 450715.00 -524083.00
4104.00 510446.00 -84068.00
131328.00 464656.00 -524288.00
4104.00 509860.00 -78953.00
131328.00 448062.00 -524288.00
4104.00 510479.00 -85202.00
131328.00 458454.00 -523985.00
4104.00 510072.00 -84486.00
131328.00 444153.00 -520377.00
4104.00 510288.00 -85134.00
131328.00 444106.00 -523648.00
4104.00 510499.00 -84661.00
131328.00 476329.00 -523868.00
4104.00 509815.00 -85181.00
131328.00 453565.00 -523627.00
4104.00 510325.00 -84282.00
131328.00 452205.00 -524288.00
4104.00 510331.00 -86181.00
131328.00 450929.00 -524155.00
4104.00 510277.00 -84545.00
131328.00 474720.00 -524178.00
4104.00 510165.00 -84025.00
131328.00 473430.00 -524288.00
4104.00 509642.00 -84112.00
131328.00 460008.00 -520666.00
4104.00 509982.00 -83936.00
131328.00 447559.00 -524288.00
4104.00 510586.00 -84788.00
131328.00 453257.00 -524247.00
4104.00 510306.00 -94221.00
131328.00 461433.00 -524168.00
4104.00 509838.00 -84226.00
131328.00 445112.00 -524208.00
4104.00 510295.00 -80947.00
131328.00 464031.00 -524235.00
4104.00 510199.00 -84432.00
131328.00 466120.00 -524288.00
4104.00 509868.00 -85031.00
131328.00 465373.00 -523876.00
4104.00 510184.00 -84632.00
131328.00 474484.00 -523901.00
4104.00 508888.00 -86076.00
131328.00 461211.00 -523933.00
4104.00 509797.00 -84522.00
131328.00 446680.00 -522968.00
4104.00 510586.00 -84634.00
131328.00 445621.00 -523847.00
4104.00 510383.00 -80487.00
131328.00 462963.00 -524121.00
4104.00 509687.00 -84098.00
131328.00 462563.00 -523514.00
4104.00 510054.00 -83848.00
131328.00 442429.00 -524212.00
4104.00 510737.00 -83256.00
131328.00 475997.00 -523847.00
4104.00 509911.00 -84562.00
131328.00 473375.00 -523869.00
4104.00 509148.00 -91523.00
131328.00 444406.00 -523628.00
4104.00 510228.00 -83498.00
131328.00 463930.00 -524288.00
4104.00 509976.00 -86413.00
131328.00 448965.00 -523586.00
4104.00 510577.00 -84429.00
131328.00 459618.00 -524288.00
4104.00 510329.00 -84129.00
131328.00 451101.00 -524288.00
4104.00 510303.00 -83821.00
131328.00 447742.00 -523861.00
4104.00 510401.00 -84838.00
131328.00 460314.00 -523613.00
4104.00 510375.00 -84461.00
131328.00 443355.00 -524288.00
4104.00 510491.00 -84265.00
131328.00 450988.00 -520562.00
4104.00 510131.00 -84329.00
131328.00 445502.00 -523647.00
4104.00 510545.00 -84291.00
131328.00 444877.00 -524212.00
4104.00 510490.00 -85813.00
131328.00 474771.00 -524288.00
4104.00 509833.00 -83313.00
131328.00 441673.00 -524288.00
4104.00 510259.00 -84482.00
131328.00 450145.00 -523620.00
4104.00 510207.00 -83954.00
131328.00 471924.00 -524288.00
4104.00 509506.00 -84475.00
131328.00 453106.00 -524105.00
4104.00 510328.00 -85623.00
131328.00 458252.00 -520090.00
4104.00 510314.00 -84984.00
131328.00 450140.00 -523913.00
4104.00 510137.00 -84443.00
131328.00 462575.00 -523585.00
4104.00 510070.00 -84997.00
131328.00 466121.00 -523935.00
4104.00 509827.00 -84231.00
131328.00 451274.00 -523972.00
4104.00 510219.00 -84027.00
131328.00 444113.00 -524288.00
4104.00 510516.00 -83957.00
131328.00 468811.00 -523900.00
4104.00 509977.00 -84486.00
131328.00 449114.00 -523779.00
4104.00 510417.00 -84224.00
131328.00 470624.00 -523968.00
4104.00 508862.00 -90717.00
131328.00 461742.00 -524288.00
4104.00 509744.00 -84294.00
131328.00 446826.00 -523643.00
4104.00 510401.00 -84186.00
131328.00 475284.00 -524288.00
4104.00 509749.00 -84457.00
131328.00 441134.00 -523816.00
4104.00 510605.00 -83949.00
131328.00 444059.00 -524288.00
4104.00 510223.00 -83541.00
131328.00 457451.00 -524288.00
4104.00 510060.00 -83434.00
131328.00 465524.00 -524288.00
4104.00 509903.00 -83607.00
131328.00 445974.00 -523956.00
4104.00 509710.00 -88766.00
131328.00 452559.00 -524288.00
4104.00 510195.00 -85647.00
131328.00 455866.00 -524288.00
4104.00 510011.00 -83923.00
131328.00 442585.00 -523976.00
4104.00 510384.00 -84384.00
131328.00 444200.00 -523899.00
4104.00 510758.00 -84049.00
131328.00 442910.00 -524012.00
4104.00 510480.00 -84327.00
131328.00 440430.00 -524254.00
4104.00 510331.00 -83505.00
131328.00 444905.00 -522658.00
4104.00 510129.00 -84516.00
131328.00 463586.00 -523843.00
4104.00 510079.00 -83975.00
131328.00 448218.00 -520025.00
4104.00 510374.00 -84524.00
131328.00 466045.00 -523731.00
4104.00 509890.00 -82866.00
131328.00 460590.00 -524173.00
4104.00 510126.00 -83598.00
131328.00 475238.00 -524288.00
4104.00 509472.00 -84093.00
131328.00 450462.00 -524099.00
4104.00 510227.00 -88927.00
131328.00 471786.00 -524288.00
4104.00 509635.00 -83893.00
131328.00 438890.00 -524288.00
4104.00 510746.00 -83387.00
131328.00 465015.00 -524288.00
4104.00 510025.00 -84052.00
131328.00 441477.00 -524288.00
4104.00 509849.00 -88879.00
131328.00 441452.00 -524288.00
4104.00 510517.00 -84501.00
131328.00 450248.00 -524288.00
4104.00 510271.00 -80883.00
131328.00 464631.00 -524243.00
4104.00 510097.00 -84414.00
131328.00 447478.00 -523901.00
4104.00 510376.00 -83675.00
131328.00 439828.00 -524288.00
4104.00 510552.00 -84172.00
131328.00 447440.00 -524288.00
4104.00 510109.00 -83970.00
131328.00 466427.00 -524288.00
4104.00 509896.00 -84656.00
131328.00 446195.00 -524086.00
4104.00 509595.00 -88534.00
131328.00 472015.00 -524288.00
4104.00 509615.00 -85904.00
131328.00 467039.00 -524288.00
4104.00 509993.00 -85460.00
131328.00 452641.00 -523586.00
4104.00 510302.00 -84142.00
131328.00 448017.00 -524288.00
4104.00 510522.00 -84192.00
131328.00 461671.00 -524288.00
4104.00 510099.00 -84512.00
131328.00 460770.00 -523648.00
4104.00 509760.00 -82979.00
131328.00 446231.00 -524260.00
4104.00 510491.00 -84513.00
131328.00 458827.00 -524288.00
4104.00 510146.00 -83992.00
131328.00 444257.00 -520604.00
4104.00 510565.00 -84243.00
131328.00 442199.00 -524225.00
4104.00 510633.00 -81607.00
131328.00 440851.00 -524288.00
4104.00 510287.00 -84452.00
131328.00 475527.00 -524121.00
4104.00 509561.00 -82870.00
131328.00 462753.00 -523560.00
4104.00 510087.00 -84075.00
131328.00 468394.00 -524288.00
4104.00 509748.00 -84851.00
131328.00 467529.00 -523722.00
4104.00 509591.00 -85008.00
131328.00 446907.00 -524132.00
4104.00 510210.00 -85335.00
131328.00 443924.00 -520336.00
4104.00 510578.00 -84465.00
131328.00 468940.00 -524288.00
4104.00 509964.00 -84572.00
131328.00 444068.00 -523667.00
4104.00 510409.00 -84593.00
131328.00 461630.00 -523647.00
4104.00 510193.00 -85268.00
131328.00 459695.00 -523673.00
4104.00 510238.00 -84139.00
131328.00 460401.00 -524069.00
4104.00 510189.00 -83855.00
131328.00 449165.00 -523974.00
4104.00 510557.00 -83464.00
131328.00 449764.00 -524288.00
4104.00 510353.00 -84033.00
131328.00 454595.00 -524288.00
4104.00 509672.00 -83731.00
131328.00 475349.00 -524288.00
4104.00 509997.00 -83854.00
131328.00 449443.00 -524288.00
4104.00 510215.00 -80804.00
131328.00 461909.00 -524144.00
4104.00 509811.00 -85029.00
131328.00 442594.00 -523585.00
4104.00 510613.00 -84275.00
131328.00 462383.00 -524129.00
4104.00 510164.00 -83821.00
131328.00 454049.00 -524288.00
4104.00 510122.00 -84684.00
131328.00 456197.00 -523990.00
4104.00 510136.00 -84017.00
131328.00 464478.00 -524288.00
4104.00 509153.00 -90344.00
131328.00 441902.00 -523426.00
4104.00 510539.00 -85634.00
131328.00 444203.00 -523652.00
4104.00 510563.00 -84524.00
131328.00 462758.00 -524288.00
4104.00 509955.00 -85511.00
131328.00 452968.00 -523876.00
4104.00 510237.00 -78653.00
131328.00 447259.00 -524288.00
4104.00 510672.00 -84290.00
131328.00 456582.00 -524288.00
4104.00 510238.00 -83880.00
131328.00 442066.00 -524288.00
4104.00 510322.00 -83219.00
131328.00 444764.00 -524288.00
4104.00 510618.00 -84309.00
131328.00 446236.00 -518911.00
4104.00 510736.00 -83943.00
131328.00 468843.00 -523973.00
4104.00 509879.00 -84384.00
131328.00 442889.00 -524288.00
4104.00 510561.00 -84066.00
131328.00 473220.00 -523088.00
4104.00 509395.00 -84122.00
131328.00 455902.00 -524288.00
4104.00 510339.00 -83454.00
131328.00 473801.00 -524288.00
4104.00 509493.00 -82965.00
131328.00 460480.00 -523747.00
4104.00 510058.00 -84755.00
131328.00 451584.00 -523805.00
4104.00 510098.00 -84543.00
131328.00 441476.00 -519566.00
4104.00 510377.00 -80760.00
131328.00 453650.00 -524288.00
4104.00 510322.00 -83625.00
131328.00 463771.00 -524288.00
4104.00 510191.00 -84217.00
131328.00 451900.00 -524288.00
4104.00 510341.00 -84680.00
131328.00 455785.00 -524288.00
4104.00 509931.00 -89105.00
131328.00 446682.00 -524288.00
4104.00 510272.00 -84329.00
131328.00 443598.00 -524288.00
4104.00 510440.00 -84282.00
131328.00 457877.00 -524120.00
4104.00 510242.00 -85058.00
131328.00 461876.00 -520079.00
4104.00 509781.00 -84548.00
131328.00 441752.00 -523783.00
4104.00 510438.00 -83655.00
131328.00 462374.00 -524265.00
4104.00 510214.00 -83532.00
131328.00 457237.00 -524288.00
4104.00 510060.00 -83878.00
131328.00 455159.00 -522127.00
4104.00 510183.00 -84226.00
131328.00 452777.00 -524288.00
4104.00 510318.00 -84661.00
131328.00 451485.00 -524288.00
4104.00 510495.00 -84081.00
131328.00 447355.00 -523484.00
4104.00 510575.00 -83509.00
131328.00 460746.00 -520276.00
4104.00 510203.00 -83931.00
131328.00 443897.00 -524288.00
4104.00 510172.00 -82850.00
131328.00 447035.00 -523518.00
4104.00 510439.00 -83738.00
131328.00 445686.00 -524013.00
4104.00 510664.00 -83585.00
131328.00 458516.00 -523870.00
4104.00 510318.00 -94081.00
131328.00 445692.00 -524161.00
4104.00 510187.00 -84516.00
131328.00 462733.00 -523508.00
4104.00 510240.00 -84371.00
131328.00 442034.00 -524162.00
4104.00 510604.00 -89046.00
131328.00 449334.00 -520238.00
4104.00 510103.00 -83120.00
131328.00 453259.00 -523594.00
4104.00 510402.00 -80912.00
131328.00 445472.00 -523984.00
4104.00 510467.00 -84373.00
131328.00 460767.00 -524288.00
4104.00 510328.00 -83750.00
131328.00 443896.00 -524288.00
4104.00 510648.00 -84255.00
131328.00 445439.00 -523943.00
4104.00 510512.00 -84322.00
131328.00 451004.00 -524288.00
4104.00 510231.00 -88756.00
131328.00 448210.00 -524092.00
4104.00 510638.00 -83968.00
131328.00 443389.00 -520023.00
4104.00 510570.00 -83652.00
131328.00 458172.00 -524288.00
4104.00 509932.00 -84241.00
131328.00 452356.00 -524090.00
4104.00 510369.00 -79468.00
131328.00 463928.00 -523912.00
4104.00 510034.00 -84243.00
131328.00 443913.00 -524288.00
4104.00 510323.00 -84290.00
131328.00 442435.00 -523417.00
4104.00 510597.00 -84420.00
131328.00 469332.00 -523767.00
4104.00 509957.00 -83605.00
131328.00 444242.00 -524288.00
4104.00 510290.00 -85334.00
131328.00 465996.00 -520067.00
4104.00 509880.00 -84572.00
131328.00 448778.00 -523803.00
4104.00 510474.00 -84583.00
131328.00 459365.00 -524102.00
4104.00 510164.00 -85667.00
131328.00 468430.00 -524251.00
4104.00 509748.00 -86625.00
131328.00 451183.00 -523560.00
4104.00 510107.00 -84469.00
131328.00 454595.00 -523249.00
4104.00 510308.00 -83914.00
131328.00 451952.00 -524009.00
4104.00 510116.00 -84898.00
131328.00 450975.00 -523414.00
4104.00 510131.00 -84682.00
131328.00 454563.00 -519456.00
4104.00 510415.00 -84014.00
131328.00 447891.00 -524288.00
4104.00 510663.00 -84144.00
131328.00 468562.00 -524288.00
4104.00 509677.00 -84716.00
131328.00 471640.00 -523902.00
4104.00 509543.00 -83935.00
131328.00 450135.00 -524288.00
4104.00 510403.00 -83411.00
131328.00 451458.00 -523836.00
4104.00 509970.00 -84916.00
131328.00 449908.00 -523968.00
4104.00 510220.00 -84281.00
131328.00 443973.00 -524037.00
4104.00 510360.00 -84913.00
131328.00 469259.00 -523821.00
4104.00 508999.00 -90031.00
131328.00 474924.00 -524116.00
4104.00 509600.00 -84144.00
131328.00 459604.00 -524288.00
4104.00 509980.00 -84599.00
131328.00 465859.00 -524025.00
4104.00 509775.00 -84138.00
131328.00 460240.00 -524269.00
4104.00 510082.00 -84493.00
131328.00 446014.00 -524288.00
4104.00 510538.00 -84459.00
131328.00 450494.00 -524141.00
4104.00 510300.00 -78860.00
131328.00 449110.00 -524288.00
4104.00 510153.00 -84701.00
131328.00 445382.00 -524288.00
4104.00 509491.00 -90544.00
131328.00 447980.00 -524288.00
4104.00 510565.00 -84319.00
131328.00 448482.00 -523978.00
4104.00 510535.00 -84295.00
131328.00 464069.00 -524288.00
4104.00 510151.00 -94020.00
131328.00 452389.00 -524171.00
4104.00 510231.00 -85250.00
131328.00 476258.00 -523665.00
4104.00 509757.00 -84896.00
131328.00 462796.00 -523899.00
4104.00 510303.00 -80311.00
131328.00 444696.00 -524125.00
4104.00 510422.00 -94011.00
131328.00 474769.00 -524174.00
4104.00 508941.00 -89415.00
131328.00 450418.00 -522653.00
4104.00 510420.00 -83696.00
131328.00 447216.00 -524288.00
4104.00 510426.00 -84254.00
131328.00 448589.00 -524288.00
4104.00 509995.00 -84889.00
131328.00 443926.00 -523665.00
4104.00 510248.00 -84310.00
131328.00 475199.00 -524288.00
4104.00 509591.00 -94103.00
131328.00 449624.00 -523898.00
4104.00 510279.00 -86610.00
131328.00 442746.00 -523542.00
4104.00 510613.00 -94181.00
131328.00 446780.00 -524188.00
4104.00 509752.00 -90400.00
131328.00 462533.00 -523657.00
4104.00 510153.00 -84202.00
131328.00 458750.00 -524288.00
4104.00 510048.00 -83370.00
131328.00 458954.00 -524167.00
4104.00 509774.00 -85038.00
131328.00 463420.00 -523926.00
4104.00 510260.00 -84242.00
131328.00 447756.00 -524282.00
4104.00 510504.00 -84280.00
131328.00 464027.00 -524019.00
4104.00 509956.00 -83161.00
131328.00 456932.00 -523643.00
4104.00 510150.00 -84313.00
131328.00 475195.00 -524288.00
4104.00 508702.00 -90497.00
131328.00 460981.00 -523658.00
4104.00 510155.00 -84669.00
131328.00 475470.00 -524288.00
4104.00 509812.00 -83982.00
131328.00 455884.00 -524000.00
4104.00 510149.00 -83875.00
131328.00 469729.00 -524288.00
4104.00 510040.00 -84564.00
131328.00 452239.00 -523820.00
4104.00 510553.00 -84730.00
131328.00 455842.00 -524288.00
4104.00 510126.00 -84894.00
131328.00 444382.00 -523707.00
4104.00 510425.00 -84778.00
131328.00 459466.00 -523877.00
4104.00 509289.00 -89211.00
131328.00 443637.00 -523709.00
4104.00 510268.00 -84853.00
131328.00 451465.00 -524288.00
4104.00 510267.00 -84172.00
131328.00 473129.00 -524288.00
4104.00 509868.00 -84586.00
131328.00 460889.00 -524288.00
4104.00 509942.00 -84563.00
131328.00 476440.00 -524156.00
4104.00 509456.00 -84725.00
131328.00 472545.00 -523947.00
4104.00 509317.00 -84518.00
131328.00 458192.00 -524070.00
4104.00 510232.00 -86386.00
131328.00 457628.00 -523807.00
4104.00 509358.00 -92300.00
131328.00 475239.00 -523513.00
4104.00 509738.00 -84716.00
131328.00 443047.00 -523617.00
4104.00 510272.00 -83852.00
131328.00 454778.00 -523743.00
4104.00 510025.00 -78950.00
131328.00 448418.00 -524288.00
4104.00 510575.00 -80177.00
131328.00 474546.00 -523997.00
4104.00 509525.00 -84111.00
131328.00 453493.00 -524288.00
4104.00 510242.00 -84631.00
131328.00 447752.00 -524177.00
4104.00 510449.00 -85739.00
131328.00 475666.00 -524052.00
4104.00 508991.00 -89235.00
131328.00 472522.00 -523704.00
4104.00 509781.00 -86188.00
131328.00 444708.00 -523769.00
4104.00 510305.00 -84415.00
131328.00 445272.00 -524288.00
4104.00 510258.00 -84421.00
131328.00 460711.00 -524288.00
4104.00 509994.00 -84432.00
131328.00 447810.00 -524081.00
4104.00 510437.00 -82247.00
131328.00 458784.00 -524288.00
4104.00 509986.00 -84589.00
131328.00 458167.00 -524113.00
4104.00 510102.00 -84208.00
131328.00 442962.00 -524037.00
4104.00 509391.00 -91467.00
131328.00 449050.00 -523586.00
4104.00 510330.00 -84127.00
131328.00 451509.00 -524288.00
4104.00 510268.00 -84727.00
131328.00 465518.00 -523615.00
4104.00 509915.00 -84771.00
131328.00 471099.00 -523854.00
4104.00 509751.00 -84178.00
131328.00 464341.00 -523856.00
4104.00 510145.00 -84148.00
131328.00 449115.00 -523275.00
4104.00 510619.00 -82386.00
131328.00 453588.00 -524288.00
4104.00 510270.00 -82082.00
131328.00 469272.00 -524288.00
4104.00 508928.00 -88963.00
131328.00 455479.00 -523821.00
4104.00 509967.00 -84129.00
131328.00 446286.00 -524288.00
4104.00 510376.00 -84098.00
131328.00 456639.00 -524288.00
4104.00 509980.00 -86564.00
131328.00 473153.00 -522685.00
4104.00 509514.00 -84266.00
131328.00 462269.00 -523992.00
4104.00 509676.00 -85207.00
131328.00 471249.00 -523925.00
4104.00 509412.00 -84558.00
131328.00 474120.00 -524207.00
4104.00 509837.00 -84518.00
131328.00 453606.00 -524103.00
4104.00 509466.00 -86365.00
131328.00 445626.00 -524288.00
4104.00 510391.00 -85214.00
131328.00 446791.00 -524198.00
4104.00 510432.00 -84029.00
131328.00 463613.00 -524288.00
4104.00 510244.00 -83974.00
131328.00 450683.00 -523966.00
4104.00 510505.00 -84734.00
131328.00 449214.00 -524288.00
4104.00 510284.00 -84615.00
131328.00 444729.00 -523705.00
4104.00 510651.00 -85003.00
131328.00 451891.00 -524288.00
4104.00 510436.00 -84058.00
131328.00 457079.00 -524288.00
4104.00 509311.00 -90375.00
131328.00 452191.00 -524092.00
4104.00 510479.00 -94538.00
131328.00 466666.00 -523964.00
4104.00 510050.00 -83241.00
131328.00 449856.00 -523798.00
4104.00 510384.00 -84186.00
131328.00 458132.00 -524123.00
4104.00 509862.00 -84812.00
131328.00 464376.00 -524082.00
4104.00 509714.00 -84188.00
131328.00 469229.00 -524288.00
4104.00 510094.00 -83777.00
131328.00 459275.00 -524288.00
4104.00 510038.00 -86851.00
131328.00 467988.00 -523502.00
4104.00 509359.00 -90404.00
131328.00 446152.00 -523750.00
4104.00 510390.00 -86185.00
131328.00 448074.00 -523987.00
4104.00 510532.00 -84509.00
131328.00 448053.00 -523874.00
4104.00 510672.00 -85159.00
131328.00 450264.00 -523910.00
4104.00 510342.00 -83409.00
131328.00 445938.00 -523614.00
4104.00 510275.00 -89538.00
131328.00 466205.00 -524288.00
4104.00 509799.00 -84672.00
131328.00 443242.00 -524288.00
4104.00 510823.00 -80227.00
131328.00 450239.00 -523913.00
4104.00 509209.00 -90231.00
131328.00 445474.00 -523743.00
4104.00 510414.00 -83998.00
131328.00 453774.00 -524288.00
4104.00 509813.00 -84250.00
131328.00 454634.00 -524090.00
4104.00 510343.00 -84178.00
131328.00 465963.00 -524288.00
4104.00 510180.00 -83915.00
131328.00 446316.00 -524288.00
4104.00 510504.00 -84465.00
131328.00 446232.00 -523638.00
4104.00 510217.00 -84881.00
131328.00 444448.00 -524025.00
4104.00 510586.00 -84581.00
131328.00 455833.00 -523632.00
4104.00 509361.00 -99498.00
131328.00 451629.00 -523894.00
4104.00 510281.00 -84268.00
131328.00 447712.00 -523825.00
4104.00 510363.00 -84319.00
131328.00 464014.00 -524288.00
4104.00 509999.00 -84493.00
131328.00 444314.00 -524216.00
4104.00 510345.00 -82174.00
131328.00 464947.00 -524288.00
4104.00 509942.00 -84133.00
131328.00 443933.00 -524288.00
4104.00 510537.00 -83841.00
131328.00 446961.00 -524288.00
4104.00 510388.00 -84172.00
131328.00 470190.00 -524288.00
4104.00 509189.00 -89619.00
131328.00 447181.00 -524288.00
4104.00 510276.00 -84557.00
131328.00 461584.00 -524153.00
4104.00 510236.00 -83961.00
131328.00 448956.00 -524288.00
4104.00 510193.00 -84791.00
131328.00 445518.00 -523723.00
4104.00 510228.00 -85118.00
131328.00 451270.00 -524285.00
4104.00 510202.00 -84091.00
131328.00 466521.00 -524288.00
4104.00 509929.00 -84074.00
131328.00 447193.00 -524288.00
4104.00 510569.00 -93999.00
131328.00 457631.00 -524158.00
4104.00 509178.00 -90095.00
131328.00 463040.00 -523517.00
4104.00 509914.00 -80108.00
131328.00 464312.00 -524028.00
4104.00 509883.00 -84889.00
131328.00 446767.00 -524273.00
4104.00 510519.00 -84194.00
131328.00 445130.00 -524273.00
4104.00 510522.00 -84149.00
131328.00 444861.00 -524288.00
4104.00 510560.00 -84089.00
131328.00 463791.00 -523907.00
4104.00 510000.00 -84864.00
131328.00 443680.00 -523880.00
4104.00 510533.00 -84645.00
131328.00 463687.00 -524288.00
4104.00 509360.00 -91747.00
131328.00 458004.00 -523693.00
4104.00 510265.00 -86313.00
131328.00 457858.00 -523805.00
4104.00 510346.00 -84168.00
131328.00 470214.00 -524206.00
4104.00 509833.00 -84035.00
131328.00 444588.00 -524288.00
4104.00 510330.00 -84110.00
131328.00 453458.00 -524288.00
4104.00 510197.00 -84210.00
131328.00 449306.00 -524288.00
4104.00 510428.00 -84877.00
131328.00 446124.00 -524047.00
4104.00 510508.00 -84344.00
131328.00 447056.00 -524288.00
4104.00 509370.00 -88986.00
131328.00 446698.00 -524288.00
4104.00 510204.00 -84838.00
131328.00 465380.00 -523582.00
4104.00 509927.00 -84552.00
131328.00 460555.00 -523695.00
4104.00 510158.00 -84292.00
131328.00 474076.00 -523813.00
4104.00 509772.00 -84738.00
131328.00 479318.00 -524090.00
4104.00 509633.00 -83938.00
131328.00 451961.00 -524288.00
4104.00 510226.00 -84749.00
131328.00 445799.00 -524128.00
4104.00 510546.00 -84332.00
131328.00 449219.00 -524288.00
4104.00 509431.00 -89344.00
131328.00 446396.00 -524288.00
4104.00 510383.00 -85009.00
131328.00 451817.00 -523922.00
4104.00 510113.00 -84436.00
131328.00 454619.00 -524177.00
4104.00 510384.00 -83935.00
131328.00 445056.00 -524288.00
4104.00 510504.00 -84445.00
131328.00 448563.00 -524288.00
4104.00 510390.00 -85065.00
131328.00 445128.00 -524288.00
4104.00 510366.00 -84175.00
131328.00 457198.00 -524288.00
4104.00 509935.00 -84766.00
131328.00 472099.00 -524131.00
4104.00 509205.00 -90136.00
131328.00 459768.00 -524122.00
4104.00 510133.00 -84213.00
131328.00 447139.00 -524288.00
4104.00 510579.00 -84323.00
131328.00 476019.00 -524011.00
4104.00 509109.00 -84357.00
131328.00 476366.00 -524122.00
4104.00 509384.00 -84395.00
131328.00 446989.00 -524204.00
4104.00 510683.00 -84037.00
131328.00 464399.00 -524288.00
4104.00 510154.00 -84882.00
131328.00 464267.00 -524288.00
4104.00 509986.00 -84080.00
131328.00 463761.00 -523968.00
4104.00 509124.00 -89860.00
131328.00 452352.00 -523456.00
4104.00 510170.00 -84480.00
131328.00 444075.00 -524081.00
4104.00 510722.00 -82082.00
131328.00 461132.00 -524288.00
4104.00 510138.00 -83948.00
131328.00 467562.00 -524288.00
4104.00 509813.00 -84644.00
131328.00 449023.00 -524150.00
4104.00 510106.00 -82139.00
131328.00 446704.00 -524288.00
4104.00 510330.00 -84099.00
131328.00 466113.00 -522734.00
4104.00 509985.00 -83342.00
131328.00 444703.00 -523701.00
4104.00 509519.00 -84573.00
131328.00 448437.00 -524288.00
4104.00 510222.00 -85052.00
131328.00 445662.00 -524256.00
4104.00 510535.00 -89387.00
131328.00 462663.00 -524142.00
4104.00 509981.00 -84771.00
131328.00 449303.00 -524166.00
4104.00 510241.00 -82267.00
131328.00 445720.00 -524288.00
4104.00 510396.00 -84823.00
131328.00 445853.00 -524119.00
4104.00 510612.00 -84000.00
131328.00 455137.00 -522785.00
4104.00 510416.00 -85410.00
131328.00 463687.00 -523889.00
4104.00 509159.00 -89958.00
131328.00 453220.00 -524054.00
4104.00 510239.00 -84309.00
131328.00 465489.00 -524044.00
4104.00 510312.00 -83568.00
131328.00 456891.00 -524288.00
4104.00 510110.00 -84753.00
131328.00 445320.00 -524221.00
4104.00 510676.00 -84202.00
131328.00 461075.00 -524288.00
4104.00 510428.00 -83780.00
131328.00 457656.00 -524288.00
4104.00 510084.00 -94103.00
131328.00 449371.00 -521934.00
4104.00 510290.00 -84640.00
131328.00 449516.00 -524136.00
4104.00 509780.00 -89859.00
131328.00 443750.00 -524238.00
4104.00 510503.00 -84778.00
131328.00 464299.00 -524288.00
4104.00 510163.00 -84020.00
131328.00 472413.00 -524288.00
4104.00 509637.00 -84199.00
131328.00 448993.00 -524288.00
4104.00 510459.00 -83845.00
131328.00 459783.00 -524288.00
4104.00 510274.00 -84397.00
131328.00 451255.00 -524288.00
4104.00 510240.00 -84478.00
131328.00 467258.00 -523958.00
4104.00 509619.00 -84625.00
131328.00 458261.00 -524044.00
4104.00 509420.00 -90401.00
131328.00 451113.00 -523996.00
4104.00 510340.00 -84246.00
131328.00 448488.00 -524288.00
4104.00 510178.00 -85294.00
131328.00 473008.00 -523467.00
4104.00 509783.00 -83191.00
131328.00 477501.00 -523986.00
4104.00 509643.00 -84891.00
131328.00 473325.00 -523825.00
4104.00 509807.00 -84583.00
131328.00 457883.00 -524131.00
4104.00 510299.00 -84191.00
131328.00 455540.00 -524288.00
4104.00 510158.00 -83789.00
131328.00 475506.00 -524288.00
4104.00 509057.00 -89770.00
131328.00 446201.00 -524288.00
4104.00 510521.00 -84938.00
131328.00 442790.00 -524197.00
4104.00 510477.00 -84594.00
131328.00 452178.00 -524002.00
4104.00 510241.00 -84321.00
131328.00 460047.00 -524288.00
4104.00 510390.00 -84461.00
131328.00 455200.00 -524288.00
4104.00 510234.00 -85403.00
131328.00 462397.00 -524288.00
4104.00 510247.00 -84025.00
131328.00 446541.00 -524288.00
4104.00 510545.00 -84529.00
131328.00 446248.00 -524072.00
4104.00 509686.00 -89127.00
131328.00 446828.00 -524288.00
4104.00 510714.00 -84179.00
131328.00 458209.00 -524288.00
4104.00 510017.00 -84662.00
131328.00 446162.00 -523776.00
4104.00 510517.00 -84590.00
131328.00 463831.00 -524133.00
4104.00 510197.00 -84655.00
131328.00 459715.00 -524128.00
4104.00 510302.00 -84189.00
131328.00 473863.00 -524288.00
4104.00 509609.00 -84386.00
131328.00 445697.00 -524063.00
4104.00 510342.00 -85507.00
131328.00 444276.00 -523756.00
4104.00 509284.00 -90912.00
131328.00 446067.00 -523741.00
4104.00 510607.00 -89401.00
131328.00 447559.00 -524112.00
4104.00 510539.00 -83728.00
131328.00 443321.00 -524288.00
4104.00 510549.00 -85242.00
131328.00 458085.00 -524288.00
4104.00 510067.00 -84469.00
131328.00 458027.00 -524288.00
4104.00 510056.00 -84233.00
131328.00 444876.00 -524288.00
4104.00 510641.00 -84322.00
131328.00 454088.00 -523834.00
4104.00 510599.00 -83619.00
131328.00 471028.00 -524288.00
4104.00 509024.00 -86725.00
131328.00 466065.00 -523437.00
4104.00 509839.00 -84768.00
131328.00 473387.00 -524090.00
4104.00 510110.00 -84367.00
131328.00 448961.00 -524022.00
4104.00 510247.00 -84195.00
131328.00 474679.00 -523886.00
4104.00 509693.00 -84391.00
131328.00 457497.00 -524192.00
4104.00 510259.00 -83880.00
131328.00 464105.00 -524288.00
4104.00 509844.00 -84566.00
131328.00 473398.00 -524123.00
4104.00 509917.00 -85166.00
131328.00 464623.00 -523904.00
4104.00 509432.00 -89366.00
131328.00 461076.00 -523645.00
4104.00 509906.00 -84289.00
131328.00 459567.00 -524288.00
4104.00 510095.00 -83929.00
131328.00 443734.00 -524288.00
4104.00 510543.00 -84681.00
131328.00 455091.00 -523874.00
4104.00 510046.00 -84668.00
131328.00 445224.00 -524082.00
4104.00 510454.00 -84467.00
131328.00 459342.00 -524288.00
4104.00 510388.00 -84005.00
131328.00 464420.00 -524271.00
4104.00 510156.00 -83924.00
131328.00 451759.00 -524288.00
4104.00 509419.00 -89837.00
131328.00 458546.00 -524288.00
4104.00 510224.00 -84587.00
131328.00 445974.00 -523890.00
4104.00 510605.00 -80782.00
131328.00 454182.00 -523925.00
4104.00 510413.00 -84607.00
131328.00 444860.00 -524288.00
4104.00 510220.00 -85070.00
131328.00 463150.00 -523909.00
4104.00 509741.00 -84653.00
131328.00 472407.00 -524154.00
4104.00 509876.00 -84280.00
131328.00 442858.00 -524288.00
4104.00 510277.00 -85315.00
131328.00 457936.00 -523499.00
4104.00 509039.00 -90592.00
131328.00 457199.00 -523727.00
4104.00 510231.00 -84552.00
131328.00 453150.00 -524288.00
4104.00 510388.00 -84027.00
131328.00 461327.00 -523972.00
4104.00 509916.00 -84133.00
131328.00 469481.00 -524288.00
4104.00 509705.00 -86627.00
131328.00 465007.00 -523567.00
4104.00 509548.00 -84652.00
131328.00 464556.00 -523980.00
4104.00 509915.00 -83804.00
131328.00 449668.00 -524288.00
4104.00 510401.00 -86625.00
131328.00 464590.00 -523540.00
4104.00 509049.00 -89870.00
131328.00 458960.00 -523937.00
4104.00 509927.00 -83747.00
131328.00 463803.00 -524288.00
4104.00 510182.00 -84883.00
131328.00 452915.00 -524216.00
4104.00 510519.00 -80164.00
131328.00 473396.00 -524214.00
4104.00 509641.00 -83400.00
131328.00 445758.00 -523851.00
4104.00 510240.00 -84840.00
131328.00 459906.00 -523621.00
4104.00 510051.00 -83243.00
131328.00 448155.00 -523818.00
4104.00 510474.00 -85053.00
131328.00 448908.00 -523479.00
4104.00 509549.00 -99508.00
131328.00 445356.00 -523929.00
4104.00 510071.00 -84551.00
131328.00 446749.00 -523793.00
4104.00 510317.00 -84788.00
131328.00 445307.00 -524093.00
4104.00 510377.00 -84593.00
131328.00 457310.00 -522912.00
4104.00 510255.00 -84475.00
131328.00 449701.00 -524238.00
4104.00 510600.00 -84395.00
131328.00 449414.00 -524235.00
4104.00 510287.00 -84162.00
131328.00 448309.00 -524288.00
4104.00 510153.00 -84208.00
131328.00 471210.00 -524288.00
4104.00 509231.00 -89460.00
131328.00 445621.00 -524288.00
4104.00 510535.00 -84888.00
131328.00 455488.00 -523902.00
4104.00 510252.00 -84193.00
131328.00 447804.00 -524288.00
4104.00 510342.00 -84131.00
131328.00 472341.00 -524016.00
4104.00 509860.00 -84073.00
131328.00 453824.00 -524288.00
4104.00 510248.00 -85149.00
131328.00 469169.00 -523743.00
4104.00 509734.00 -84038.00
131328.00 460631.00 -524288.00
4104.00 510261.00 -84602.00
131328.00 442577.00 -524207.00
4104.00 509823.00 -89149.00
131328.00 452482.00 -524288.00
4104.00 510181.00 -84904.00
131328.00 457704.00 -523932.00
4104.00 509843.00 -84366.00
131328.00 448998.00 -524253.00
4104.00 510103.00 -84640.00
131328.00 465713.00 -524288.00
4104.00 509895.00 -89524.00
131328.00 447588.00 -524288.00
4104.00 510514.00 -84191.00
131328.00 448961.00 -523989.00
4104.00 510346.00 -94140.00
131328.00 448875.00 -523890.00
4104.00 510264.00 -84162.00
131328.00 447484.00 -524288.00
4104.00 509502.00 -89565.00
131328.00 460204.00 -524288.00
4104.00 510493.00 -83173.00
131328.00 473711.00 -524008.00
4104.00 509742.00 -84552.00
131328.00 463269.00 -523981.00
4104.00 509852.00 -83926.00
131328.00 462527.00 -524288.00
4104.00 510024.00 -83179.00
131328.00 444266.00 -524131.00
4104.00 510712.00 -84946.00
131328.00 465592.00 -523925.00
4104.00 509974.00 -84127.00
131328.00 453345.00 -524288.00
4104.00 509836.00 -84973.00
131328.00 448623.00 -523839.00
4104.00 509487.00 -92102.00
131328.00 468340.00 -523821.00
4104.00 509808.00 -84691.00
131328.00 451327.00 -523959.00
4104.00 510415.00 -84368.00
131328.00 458222.00 -524202.00
4104.00 509977.00 -85005.00
131328.00 449839.00 -524039.00
4104.00 510203.00 -84405.00
131328.00 445596.00 -524047.00
4104.00 510340.00 -84461.00
131328.00 452889.00 -523545.00
4104.00 510312.00 -84535.00
131328.00 446204.00 -523933.00
4104.00 510428.00 -84388.00
131328.00 461105.00 -523904.00
4104.00 509190.00 -90612.00
131328.00 444787.00 -523990.00
4104.00 510762.00 -83710.00
131328.00 450520.00 -524288.00
4104.00 510430.00 -84750.00
131328.00 447250.00 -524288.00
4104.00 510169.00 -85254.00
131328.00 454726.00 -524288.00
4104.00 510056.00 -84434.00
131328.00 448743.00 -524288.00
4104.00 510280.00 -84453.00
131328.00 458925.00 -524083.00
4104.00 510076.00 -84749.00
131328.00 465650.00 -523536.00
4104.00 509984.00 -84131.00
131328.00 455364.00 -524288.00
4104.00 509323.00 -89967.00
131328.00 475978.00 -524190.00
4104.00 509771.00 -84727.00
131328.00 448664.00 -524024.00
4104.00 510749.00 -84747.00
131328.00 450217.00 -524288.00
4104.00 510154.00 -84900.00
131328.00 446265.00 -523739.00
4104.00 510163.00 -85124.00
131328.00 446227.00 -523872.00
4104.00 510180.00 -84703.00
131328.00 455711.00 -523992.00
4104.00 510070.00 -84206.00
131328.00 460720.00 -522856.00
4104.00 510073.00 -84282.00
131328.00 459622.00 -524288.00
4104.00 509030.00 -90562.00
131328.00 455971.00 -523749.00
4104.00 510098.00 -85003.00
131328.00 453635.00 -524176.00
4104.00 510309.00 -84268.00
131328.00 443605.00 -524288.00
4104.00 510453.00 -84236.00
131328.00 459140.00 -524288.00
4104.00 510037.00 -84665.00
131328.00 446174.00 -523949.00
4104.00 510683.00 -84133.00
131328.00 451363.00 -524288.00
4104.00 510273.00 -84363.00
131328.00 471736.00 -524110.00
4104.00 509720.00 -85548.00
131328.00 462510.00 -524007.00
4104.00 509366.00 -89219.00
131328.00 457139.00 -524288.00
4104.00 510276.00 -89505.00
131328.00 449797.00 -524230.00
4104.00 510467.00 -84633.00
131328.00 453539.00 -524157.00
4104.00 510337.00 -93898.00
131328.00 457246.00 -524150.00
4104.00 510115.00 -84348.00
131328.00 464927.00 -523565.00
4104.00 509863.00 -84002.00
131328.00 447065.00 -524288.00
4104.00 510352.00 -84139.00
131328.00 465212.00 -524259.00
4104.00 509964.00 -83881.00
131328.00 454337.00 -524288.00
4104.00 509567.00 -89459.00
131328.00 462128.00 -524288.00
4104.00 509734.00 -84146.00
131328.00 471885.00 -524288.00
4104.00 509607.00 -84764.00
131328.00 466836.00 -524288.00
4104.00 509974.00 -84963.00
131328.00 445140.00 -523424.00
4104.00 510521.00 -85023.00
131328.00 459168.00 -523676.00
4104.00 510036.00 -84215.00
131328.00 441453.00 -524246.00
4104.00 510436.00 -83899.00
131328.00 446788.00 -524288.00
4104.00 510428.00 -94200.00
131328.00 465117.00 -524181.00
4104.00 509044.00 -94948.00
131328.00 447211.00 -523167.00
4104.00 510718.00 -84250.00
131328.00 459861.00 -524288.00
4104.00 510110.00 -84097.00
131328.00 463031.00 -524288.00
4104.00 509897.00 -84229.00
131328.00 449353.00 -524288.00
4104.00 510417.00 -84655.00
131328.00 453982.00 -523682.00
4104.00 510378.00 -83868.00
131328.00 448003.00 -524288.00
4104.00 510685.00 -84278.00
131328.00 473524.00 -524076.00
4104.00 509826.00 -83753.00
131328.00 458463.00 -524288.00
4104.00 509451.00 -90032.00
131328.00 457304.00 -524225.00
4104.00 510067.00 -84348.00
131328.00 458389.00 -524288.00
4104.00 510096.00 -84367.00
131328.00 462629.00 -524288.00
4104.00 509642.00 -84986.00
131328.00 466493.00 -523760.00
4104.00 510180.00 -84483.00
131328.00 452051.00 -524288.00
4104.00 510346.00 -84947.00
131328.00 442178.00 -523430.00
4104.00 510435.00 -94295.00
131328.00 475997.00 -523940.00
4104.00 509489.00 -85588.00
131328.00 447482.00 -523939.00
4104.00 509323.00 -90405.00
131328.00 450640.00 -523838.00
4104.00 510414.00 -84147.00
131328.00 446816.00 -523267.00
4104.00 510333.00 -84582.00
131328.00 476418.00 -524236.00
4104.00 509491.00 -84138.00
131328.00 451067.00 -524288.00
4104.00 510122.00 -83908.00
131328.00 454830.00 -522621.00
4104.00 510424.00 -82171.00
131328.00 449503.00 -524288.00
4104.00 510384.00 -84249.00
131328.00 447594.00 -524288.00
4104.00 510096.00 -85221.00
131328.00 463658.00 -523449.00
4104.00 508962.00 -89890.00
131328.00 450082.00 -524288.00
4104.00 510591.00 -84226.00
131328.00 456548.00 -523785.00
4104.00 509959.00 -84818.00
131328.00 446343.00 -523395.00
4104.00 510437.00 -85005.00
131328.00 446645.00 -524288.00
4104.00 510219.00 -84994.00
131328.00 445573.00 -523675.00
4104.00 510338.00 -86309.00
131328.00 469239.00 -523951.00
4104.00 510128.00 -84951.00
131328.00 459145.00 -524288.00
4104.00 509947.00 -83800.00
131328.00 449719.00 -522545.00
4104.00 509258.00 -89329.00
131328.00 451104.00 -524288.00
4104.00 510438.00 -84132.00
131328.00 445779.00 -523912.00
4104.00 510320.00 -84782.00
131328.00 475135.00 -523793.00
4104.00 509735.00 -84745.00
131328.00 444935.00 -524175.00
4104.00 510318.00 -84274.00
131328.00 446046.00 -523768.00
4104.00 510398.00 -82019.00
131328.00 453882.00 -524061.00
4104.00 510210.00 -85245.00
131328.00 456854.00 -523500.00
4104.00 510104.00 -84585.00
131328.00 447777.00 -524251.00
4104.00 509473.00 -90479.00
131328.00 463480.00 -524288.00
4104.00 510018.00 -83941.00
131328.00 463029.00 -524288.00
4104.00 510170.00 -84210.00
131328.00 458344.00 -524288.00
4104.00 510469.00 -84043.00
131328.00 452014.00 -524288.00
4104.00 510093.00 -83909.00
131328.00 443377.00 -524288.00
4104.00 510347.00 -84376.00
131328.00 458883.00 -524140.00
4104.00 510107.00 -84436.00
131328.00 460180.00 -524046.00
4104.00 510329.00 -84386.00
131328.00 449668.00 -524052.00
4104.00 509628.00 -89870.00
131328.00 453002.00 -523997.00
4104.00 510364.00 -84010.00
131328.00 453513.00 -524288.00
4104.00 510165.00 -84454.00
131328.00 460602.00 -524288.00
4104.00 510197.00 -83835.00
131328.00 445969.00 -524288.00
4104.00 510280.00 -84649.00
131328.00 448903.00 -524288.00
4104.00 510017.00 -85763.00
131328.00 447994.00 -523552.00
4104.00 510390.00 -84524.00
131328.00 455276.00 -524072.00
4104.00 510405.00 -84153.00
131328.00 456239.00 -524255.00
4104.00 509290.00 -90326.00
131328.00 445358.00 -523760.00
4104.00 510285.00 -84872.00
131328.00 451548.00 -523763.00
4104.00 510041.00 -78999.00
131328.00 452115.00 -524288.00
4104.00 510293.00 -84336.00
131328.00 461819.00 -524288.00
4104.00 510363.00 -84082.00
131328.00 466028.00 -524288.00
4104.00 510079.00 -85557.00
131328.00 461467.00 -523986.00
4104.00 510134.00 -84348.00
131328.00 449953.00 -524132.00
4104.00 510416.00 -84065.00
131328.00 471218.00 -524288.00
4104.00 509134.00 -90084.00
131328.00 447011.00 -524050.00
4104.00 510457.00 -84286.00
131328.00 444164.00 -524288.00
4104.00 510727.00 -83004.00
131328.00 445155.00 -523797.00
4104.00 510702.00 -84781.00
131328.00 445670.00 -524288.00
4104.00 510517.00 -84568.00
131328.00 470562.00 -524054.00
4104.00 509623.00 -81119.00
131328.00 453877.00 -524230.00
4104.00 509965.00 -84989.00
131328.00 462299.00 -523900.00
4104.00 510229.00 -84749.00
131328.00 460646.00 -524288.00
4104.00 509721.00 -89751.00
131328.00 451650.00 -523990.00
4104.00 510282.00 -84706.00
131328.00 446548.00 -524288.00
4104.00 510261.00 -84603.00
131328.00 449092.00 -523655.00
4104.00 510207.00 -84332.00
131328.00 447022.00 -524288.00
4104.00 510580.00 -86264.00
131328.00 464043.00 -523776.00
4104.00 509649.00 -84694.00
131328.00 473771.00 -523821.00
4104.00 509992.00 -84045.00
131328.00 462768.00 -524288.00
4104.00 509985.00 -84507.00
131328.00 457320.00 -524040.00
4104.00 509349.00 -89013.00
131328.00 456355.00 -524288.00
4104.00 509967.00 -84240.00
131328.00 451443.00 -523985.00
4104.00 510026.00 -84521.00
131328.00 446463.00 -524115.00
4104.00 510407.00 -84711.00
131328.00 454139.00 -523903.00
4104.00 510295.00 -84468.00
131328.00 460618.00 -524105.00
4104.00 509820.00 -84368.00
131328.00 446412.00 -524079.00
4104.00 510407.00 -84108.00
131328.00 462041.00 -524288.00
4104.00 510039.00 -84259.00
131328.00 450311.00 -524288.00
4104.00 509668.00 -90020.00
131328.00 447859.00 -524274.00
4104.00 509939.00 -84880.00
131328.00 454934.00 -524053.00
4104.00 510012.00 -84987.00
131328.00 457135.00 -523329.00
4104.00 510126.00 -84536.00
131328.00 456454.00 -523605.00
4104.00 510322.00 -84167.00
131328.00 472830.00 -524061.00
4104.00 509467.00 -84572.00
131328.00 444803.00 -523666.00
4104.00 510474.00 -89376.00
131328.00 444851.00 -524122.00
4104.00 510644.00 -83774.00
131328.00 456423.00 -524288.00
4104.00 509339.00 -89825.00
131328.00 475288.00 -524002.00
4104.00 509494.00 -84581.00
131328.00 448043.00 -524288.00
4104.00 510417.00 -79066.00
131328.00 471834.00 -524288.00
4104.00 509756.00 -84390.00
131328.00 464059.00 -524288.00
4104.00 510057.00 -84826.00
131328.00 445032.00 -524288.00
4104.00 510455.00 -84371.00
131328.00 443101.00 -524082.00
4104.00 510273.00 -84358.00
131328.00 469561.00 -524099.00
4104.00 509491.00 -84840.00
131328.00 460359.00 -523795.00
4104.00 509192.00 -90749.00
131328.00 451045.00 -523672.00
4104.00 510607.00 -85425.00
131328.00 477701.00 -523644.00
4104.00 509890.00 -84281.00
131328.00 470561.00 -524247.00
4104.00 509848.00 -84451.00
131328.00 451569.00 -524288.00
4104.00 510179.00 -83850.00
131328.00 445347.00 -524288.00
4104.00 510523.00 -84832.00
131328.00 462976.00 -523942.00
4104.00 509868.00 -84935.00
131328.00 470627.00 -523863.00
4104.00 509694.00 -84229.00
131328.00 473575.00 -524288.00
4104.00 508956.00 -90048.00
131328.00 459629.00 -523993.00
4104.00 510151.00 -84090.00
131328.00 445821.00 -524288.00
4104.00 510634.00 -89455.00
131328.00 444204.00 -524134.00
4104.00 510048.00 -85135.00
131328.00 445517.00 -523894.00
4104.00 510510.00 -84346.00
131328.00 445994.00 -524288.00
4104.00 510361.00 -85955.00
131328.00 447433.00 -524288.00
4104.00 510554.00 -85307.00
131328.00 456156.00 -523481.00
4104.00 510187.00 -84780.00
131328.00 449413.00 -523622.00
4104.00 509396.00 -89236.00
131328.00 461076.00 -524288.00
4104.00 510172.00 -84013.00
131328.00 447704.00 -523928.00
4104.00 510501.00 -84624.00
131328.00 450564.00 -524105.00
4104.00 510571.00 -84223.00
131328.00 444987.00 -524288.00
4104.00 510375.00 -84201.00
131328.00 452115.00 -524288.00
4104.00 510121.00 -84602.00
131328.00 468283.00 -523734.00
4104.00 509878.00 -81937.00
131328.00 456931.00 -524288.00
4104.00 510434.00 -84142.00
131328.00 446624.00 -523912.00
4104.00 509586.00 -89929.00
131328.00 471739.00 -524288.00
4104.00 509471.00 -84485.00
131328.00 448958.00 -523984.00
4104.00 510153.00 -84431.00
131328.00 476946.00 -524288.00
4104.00 509894.00 -84624.00
131328.00 447407.00 -524225.00
4104.00 510276.00 -84463.00
131328.00 471398.00 -524213.00
4104.00 509510.00 -94137.00
131328.00 464507.00 -524157.00
4104.00 509619.00 -84576.00
131328.00 448134.00 -524049.00
4104.00 510435.00 -84706.00
131328.00 445814.00 -524288.00
4104.00 509397.00 -90355.00
131328.00 457246.00 -523627.00
4104.00 509981.00 -84253.00
131328.00 452616.00 -524265.00
4104.00 510374.00 -84532.00
131328.00 469498.00 -523900.00
4104.00 510140.00 -84237.00
131328.00 474326.00 -524288.00
4104.00 509661.00 -84636.00
131328.00 466086.00 -524288.00
4104.00 509605.00 -84648.00
131328.00 447039.00 -524288.00
4104.00 510464.00 -84434.00
131328.00 464288.00 -524288.00
4104.00 509951.00 -84763.00
131328.00 457980.00 -523899.00
4104.00 509325.00 -89669.00
131328.00 444064.00 -524288.00
4104.00 510215.00 -84089.00
131328.00 475729.00 -523676.00
4104.00 509492.00 -84835.00
131328.00 463608.00 -523758.00
4104.00 510101.00 -84511.00
131328.00 460866.00 -524288.00
4104.00 510256.00 -84796.00
131328.00 445593.00 -524288.00
4104.00 510253.00 -84824.00
131328.00 467212.00 -523914.00
4104.00 509661.00 -84369.00
131328.00 447943.00 -524288.00
4104.00 510630.00 -89273.00
131328.00 451510.00 -524066.00
4104.00 509385.00 -89557.00
131328.00 467348.00 -524288.00
4104.00 509807.00 -83098.00
131328.00 446951.00 -523814.00
4104.00 510288.00 -84664.00
131328.00 459719.00 -523797.00
4104.00 510332.00 -84218.00
131328.00 473907.00 -523965.00
4104.00 509609.00 -84195.00
131328.00 457919.00 -524288.00
4104.00 510070.00 -91360.00
131328.00 445054.00 -524288.00
4104.00 510512.00 -94210.00
131328.00 452651.00 -523965.00
4104.00 510245.00 -83227.00
131328.00 448226.00 -524077.00
4104.00 509651.00 -89681.00
131328.00 453445.00 -523867.00
4104.00 510392.00 -83845.00
131328.00 477233.00 -524288.00
4104.00 509825.00 -84503.00
131328.00 444858.00 -524085.00
4104.00 510463.00 -85021.00
131328.00 478016.00 -524288.00
4104.00 509911.00 -84123.00
131328.00 445085.00 -524288.00
4104.00 510593.00 -84562.00
131328.00 474940.00 -523055.00
4104.00 509693.00 -84772.00
131328.00 467417.00 -524288.00
4104.00 509686.00 -84143.00
131328.00 446868.00 -524288.00
4104.00 509357.00 -90698.00
131328.00 447398.00 -524010.00
4104.00 510377.00 -84517.00
131328.00 446003.00 -523811.00
4104.00 510647.00 -84576.00
131328.00 464021.00 -524288.00
4104.00 509935.00 -85254.00
131328.00 473011.00 -523466.00
4104.00 509782.00 -84856.00
131328.00 466682.00 -524003.00
4104.00 509614.00 -84766.00
131328.00 464755.00 -523695.00
4104.00 509928.00 -84177.00
131328.00 453729.00 -524287.00
4104.00 510168.00 -78728.00
131328.00 446466.00 -524288.00
4104.00 509648.00 -90282.00
131328.00 453456.00 -524085.00
4104.00 510037.00 -85225.00
131328.00 458297.00 -523624.00
4104.00 510075.00 -84580.00
131328.00 453745.00 -524279.00
4104.00 510081.00 -84044.00
131328.00 473283.00 -523935.00
4104.00 509721.00 -84395.00
131328.00 448071.00 -524079.00
4104.00 510519.00 -84713.00
131328.00 464501.00 -524024.00
4104.00 509879.00 -85624.00
131328.00 453496.00 -523650.00
4104.00 509911.00 -84787.00
131328.00 451913.00 -523752.00
4104.00 509675.00 -90064.00
131328.00 446462.00 -524288.00
4104.00 510219.00 -82090.00
131328.00 446751.00 -524288.00
4104.00 510457.00 -84140.00
131328.00 449520.00 -524288.00
4104.00 510547.00 -84317.00
131328.00 448987.00 -524288.00
4104.00 510438.00 -84235.00
131328.00 459679.00 -524288.00
4104.00 510066.00 -94087.00
131328.00 447479.00 -524185.00
4104.00 510245.00 -86888.00
131328.00 446989.00 -523595.00
4104.00 510495.00 -84482.00
131328.00 450066.00 -523863.00
4104.00 509496.00 -89023.00
131328.00 447159.00 -524288.00
4104.00 510460.00 -84150.00
131328.00 453452.00 -524288.00
4104.00 510245.00 -84477.00
131328.00 463271.00 -523929.00
4104.00 509887.00 -83840.00
131328.00 444741.00 -524288.00
4104.00 510355.00 -84877.00
131328.00 470369.00 -523842.00
4104.00 510123.00 -84193.00
131328.00 463085.00 -524288.00
4104.00 510002.00 -84017.00
131328.00 468451.00 -524288.00
4104.00 509994.00 -84513.00
131328.00 456572.00 -524288.00
4104.00 509398.00 -83912.00
131328.00 455169.00 -524288.00
4104.00 510436.00 -83874.00
131328.00 450066.00 -524288.00
4104.00 510563.00 -84368.00
131328.00 448060.00 -524081.00
4104.00 510176.00 -85000.00
131328.00 475095.00 -523902.00
4104.00 509504.00 -84460.00
131328.00 446165.00 -524066.00
4104.00 510309.00 -84843.00
131328.00 461090.00 -523724.00
4104.00 510267.00 -83846.00
131328.00 450205.00 -524288.00
4104.00 510495.00 -84171.00
131328.00 460407.00 -524288.00
4104.00 509289.00 -89735.00
131328.00 471542.00 -524101.00
4104.00 509676.00 -86764.00
131328.00 459761.00 -523554.00
4104.00 510350.00 -85417.00
131328.00 446883.00 -523661.00
4104.00 510639.00 -84019.00
131328.00 451525.00 -523981.00
4104.00 510260.00 -81200.00
131328.00 452090.00 -524142.00
4104.00 510183.00 -85139.00
131328.00 446657.00 -523956.00
4104.00 510508.00 -84050.00
131328.00 446537.00 -524167.00
4104.00 510639.00 -83638.00
131328.00 448070.00 -524288.00
4104.00 509443.00 -89098.00
131328.00 446853.00 -523931.00
4104.00 510044.00 -84619.00
131328.00 465051.00 -524263.00
4104.00 509725.00 -84246.00
131328.00 473050.00 -524106.00
4104.00 509850.00 -84929.00
131328.00 461595.00 -523966.00
4104.00 509944.00 -89256.00
131328.00 449404.00 -524288.00
4104.00 510407.00 -84679.00
131328.00 460439.00 -523989.00
4104.00 510159.00 -84500.00
131328.00 456158.00 -524152.00
4104.00 510140.00 -84231.00
131328.00 446913.00 -524288.00
4104.00 509352.00 -90558.00
131328.00 474520.00 -523665.00
4104.00 509842.00 -83907.00
131328.00 450241.00 -524288.00
4104.00 510383.00 -84604.00
131328.00 460804.00 -524123.00
4104.00 510070.00 -84450.00
131328.00 457847.00 -524288.00
4104.00 509885.00 -85789.00
131328.00 447899.00 -523663.00
4104.00 510485.00 -84450.00
131328.00 449111.00 -524126.00
4104.00 510254.00 -83264.00
131328.00 468345.00 -523657.00
4104.00 509766.00 -85046.00
131328.00 456477.00 -523898.00
4104.00 509495.00 -89119.00
131328.00 452867.00 -524288.00
4104.00 510298.00 -84436.00
131328.00 461314.00 -524288.00
4104.00 510034.00 -84777.00
131328.00 452474.00 -523742.00
4104.00 510211.00 -84474.00
131328.00 455396.00 -524030.00
4104.00 510212.00 -83900.00
131328.00 445559.00 -524288.00
4104.00 510379.00 -84272.00
131328.00 473312.00 -524288.00
4104.00 509595.00 -84028.00
131328.00 447115.00 -524288.00
4104.00 510591.00 -84778.00
131328.00 461381.00 -524288.00
4104.00 509486.00 -90447.00
131328.00 447050.00 -523929.00
4104.00 510271.00 -84876.00
131328.00 473795.00 -523870.00
4104.00 509304.00 -84987.00
131328.00 456057.00 -523753.00
4104.00 510253.00 -84179.00
131328.00 466182.00 -524288.00
4104.00 509961.00 -83224.00
131328.00 450416.00 -523754.00
4104.00 510454.00 -83342.00
131328.00 446535.00 -523610.00
4104.00 510255.00 -83867.00
131328.00 455191.00 -524288.00
4104.00 510190.00 -84091.00
131328.00 448735.00 -524288.00
4104.00 509339.00 -90955.00
131328.00 463880.00 -524288.00
4104.00 510049.00 -80256.00
131328.00 462583.00 -524046.00
4104.00 509755.00 -84724.00
131328.00 459130.00 -523660.00
4104.00 509949.00 -84058.00
131328.00 462996.00 -523875.00
4104.00 509848.00 -84058.00
131328.00 464972.00 -524288.00
4104.00 509994.00 -86537.00
131328.00 446163.00 -523511.00
4104.00 510458.00 -84019.00
131328.00 458322.00 -523946.00
4104.00 509878.00 -84567.00
131328.00 449938.00 -524288.00
4104.00 509589.00 -89698.00
131328.00 451647.00 -523760.00
4104.00 510230.00 -84549.00
131328.00 444597.00 -524053.00
4104.00 510427.00 -94040.00
131328.00 445334.00 -523918.00
4104.00 510326.00 -84776.00
131328.00 453152.00 -524165.00
4104.00 510193.00 -84886.00
131328.00 458594.00 -523981.00
4104.00 510018.00 -84723.00
131328.00 476737.00 -523741.00
4104.00 509728.00 -84555.00
131328.00 446338.00 -524071.00
4104.00 510287.00 -84729.00
131328.00 455669.00 -524253.00
4104.00 509130.00 -88897.00
131328.00 462957.00 -524288.00
4104.00 510161.00 -84066.00
131328.00 449636.00 -523809.00
4104.00 510674.00 -84284.00
131328.00 443992.00 -524288.00
4104.00 510373.00 -84290.00
131328.00 465074.00 -524085.00
4104.00 509807.00 -84804.00
131328.00 462632.00 -523903.00
4104.00 510191.00 -84455.00
131328.00 447622.00 -524177.00
4104.00 510513.00 -84292.00
131328.00 451192.00 -524220.00
4104.00 510638.00 -84707.00
131328.00 466572.00 -524288.00
4104.00 508975.00 -90758.00
131328.00 474738.00 -523696.00
4104.00 509584.00 -80356.00
131328.00 448926.00 -524001.00
4104.00 510208.00 -84774.00
131328.00 448618.00 -523430.00
4104.00 510542.00 -84503.00
131328.00 464321.00 -524037.00
4104.00 509953.00 -89502.00
131328.00 447155.00 -523443.00
4104.00 510389.00 -84659.00
131328.00 455234.00 -523676.00
4104.00 510360.00 -84569.00
131328.00 443886.00 -524177.00
4104.00 510548.00 -84571.00
131328.00 448029.00 -524288.00
4104.00 509412.00 -89468.00
131328.00 462196.00 -524288.00
4104.00 509850.00 -84063.00
131328.00 471516.00 -524288.00
4104.00 509987.00 -84449.00
131328.00 448560.00 -523845.00
4104.00 510430.00 -84328.00
131328.00 450172.00 -524288.00
4104.00 510500.00 -85242.00
131328.00 448422.00 -523938.00
4104.00 510385.00 -89512.00
131328.00 452813.00 -524138.00