frq I Q Mdiv Ref dac Kdiv
4104.00 136123.00 118695.00 1082130432 32768 128 32
131328.00 44084.00 -262280.00 1082130432 32768 128 1
4104.00 115725.00 48907.00 1082130432 32768 128 32
131328.00 40017.00 -285648.00 1082130432 32768 128 1
4104.00 114246.00 51459.00 1082130432 32768 128 32
131328.00 43447.00 -290994.00 1082130432 32768 128 1
4104.00 108307.00 44321.00 1082130432 32768 128 32
131328.00 34809.00 -291761.00 1082130432 32768 128 1
4104.00 114260.00 59732.00 1082130432 32768 128 32
131328.00 43731.00 -291694.00 1082130432 32768 128 1
4104.00 110144.00 53829.00 1082130432 32768 128 32
131328.00 40731.00 -296194.00 1082130432 32768 128 1
4104.00 102349.00 51987.00 1082130432 32768 128 32
131328.00 43309.00 -297255.00 1082130432 32768 128 1
4104.00 106356.00 45158.00 1082130432 32768 128 32
131328.00 44483.00 -297957.00 1082130432 32768 128 1
4104.00 100481.00 46404.00 1082130432 32768 128 32
131328.00 42464.00 -293325.00 1082130432 32768 128 1
4104.00 102854.00 41954.00 1082130432 32768 128 32
131328.00 46466.00 -296295.00 1082130432 32768 128 1
4104.00 106016.00 49931.00 1082130432 32768 128 32
131328.00 41582.00 -303123.00 1082130432 32768 128 1
4104.00 102684.00 50642.00 1082130432 32768 128 32
131328.00 37574.00 -298379.00 1082130432 32768 128 1
4104.00 107969.00 43446.00 1082130432 32768 128 32
131328.00 38011.00 -294080.00 1082130432 32768 128 1
4104.00 100405.00 47323.00 1082130432 32768 128 32
131328.00 37865.00 -297396.00 1082130432 32768 128 1
4104.00 111447.00 49607.00 1082130432 32768 128 32
131328.00 41780.00 -295610.00 1082130432 32768 128 1
4104.00 111481.00 41719.00 1082130432 32768 128 32
131328.00 42384.00 -303563.00 1082130432 32768 128 1
4104.00 107391.00 45346.00 1082130432 32768 128 32
131328.00 38251.00 -300230.00 1082130432 32768 128 1
4104.00 105450.00 52541.00 1082130432 32768 128 32
131328.00 47333.00 -289021.00 1082130432 32768 128 1
4104.00 110245.00 37882.00 1082130432 32768 128 32
131328.00 46290.00 -296280.00 1082130432 32768 128 1
4104.00 109105.00 58831.00 1082130432 32768 128 32
131328.00 46094.00 -299892.00 1082130432 32768 128 1
4104.00 108693.00 51762.00 1082130432 32768 128 32
131328.00 39712.00 -305603.00 1082130432 32768 128 1
4104.00 99832.00 46512.00 1082130432 32768 128 32
131328.00 49081.00 -301256.00 1082130432 32768 128 1
4104.00 106421.00 47378.00 1082130432 32768 128 32
131328.00 43246.00 -298153.00 1082130432 32768 128 1
4104.00 112854.00 49605.00 1082130432 32768 128 32
131328.00 43767.00 -300503.00 1082130432 32768 128 1
4104.00 104155.00 49861.00 1082130432 32768 128 32
131328.00 37111.00 -303416.00 1082130432 32768 128 1
4104.00 103247.00 43077.00 1082130432 32768 128 32
131328.00 43445.00 -297868.00 1082130432 32768 128 1
4104.00 107774.00 39027.00 1082130432 32768 128 32
131328.00 38389.00 -295972.00 1082130432 32768 128 1
4104.00 100380.00 41303.00 1082130432 32768 128 32
131328.00 41630.00 -294310.00 1082130432 32768 128 1
4104.00 104161.00 52639.00 1082130432 32768 128 32
131328.00 45406.00 -296859.00 1082130432 32768 128 1
4104.00 114446.00 42730.00 1082130432 32768 128 32
131328.00 42070.00 -300755.00 1082130432 32768 128 1
4104.00 105664.00 50573.00 1082130432 32768 128 32
131328.00 42268.00 -298558.00 1082130432 32768 128 1
4104.00 109504.00 53568.00 1082130432 32768 128 32
131328.00 40705.00 -295113.00 1082130432 32768 128 1
4104.00 104564.00 62953.00 1082130432 32768 128 32
131328.00 46245.00 -295182.00 1082130432 32768 128 1
4104.00 103713.00 50758.00 1082130432 32768 128 32
131328.00 43344.00 -295932.00 1082130432 32768 128 1
4104.00 108579.00 50266.00 1082130432 32768 128 32
131328.00 40711.00 -297898.00 1082130432 32768 128 1
4104.00 101476.00 51175.00 1082130432 32768 128 32
131328.00 45965.00 -301507.00 1082130432 32768 128 1
4104.00 100921.00 40589.00 1082130432 32768 128 32
131328.00 43716.00 -293841.00 1082130432 32768 128 1
4104.00 108092.00 57220.00 1082130432 32768 128 32
131328.00 43223.00 -299703.00 1082130432 32768 128 1
4104.00 108622.00 58315.00 1082130432 32768 128 32
131328.00 43466.00 -298393.00 1082130432 32768 128 1
4104.00 99490.00 46420.00 1082130432 32768 128 32
131328.00 38888.00 -300358.00 1082130432 32768 128 1
4104.00 100678.00 49124.00 1082130432 32768 128 32
131328.00 40971.00 -294843.00 1082130432 32768 128 1
4104.00 102420.00 46638.00 1082130432 32768 128 32
131328.00 44225.00 -293416.00 1082130432 32768 128 1
4104.00 96764.00 48488.00 1082130432 32768 128 32
131328.00 40615.00 -306526.00 1082130432 32768 128 1
4104.00 113597.00 44231.00 1082130432 32768 128 32
131328.00 38924.00 -301397.00 1082130432 32768 128 1
4104.00 108027.00 51188.00 1082130432 32768 128 32
131328.00 44766.00 -300464.00 1082130432 32768 128 1
4104.00 97552.00 30888.00 1082130432 32768 128 32
131328.00 41664.00 -301294.00 1082130432 32768 128 1
4104.00 115337.00 55198.00 1082130432 32768 128 32
131328.00 41798.00 -296552.00 1082130432 32768 128 1
4104.00 110266.00 59148.00 1082130432 32768 128 32
131328.00 40503.00 -304879.00 1082130432 32768 128 1
4104.00 106242.00 44081.00 1082130432 32768 128 32
131328.00 39953.00 -301545.00 1082130432 32768 128 1
4104.00 99484.00 53008.00 1082130432 32768 128 32
131328.00 42916.00 -298237.00 1082130432 32768 128 1
4104.00 105273.00 53351.00 1082130432 32768 128 32
131328.00 42085.00 -296917.00 1082130432 32768 128 1
4104.00 102652.00 44496.00 1082130432 32768 128 32
131328.00 47449.00 -296228.00 1082130432 32768 128 1
4104.00 104575.00 54210.00 1082130432 32768 128 32
131328.00 45357.00 -300477.00 1082130432 32768 128 1
4104.00 103019.00 44434.00 1082130432 32768 128 32
131328.00 42455.00 -282455.00 1082130432 32768 128 1
4104.00 103969.00 54542.00 1082130432 32768 128 32
131328.00 47061.00 -292864.00 1082130432 32768 128 1
4104.00 109562.00 53083.00 1082130432 32768 128 32
131328.00 42603.00 -296644.00 1082130432 32768 128 1
4104.00 107540.00 60658.00 1082130432 32768 128 32
131328.00 41536.00 -302059.00 1082130432 32768 128 1
4104.00 108816.00 58103.00 1082130432 32768 128 32
131328.00 41794.00 -299305.00 1082130432 32768 128 1
4104.00 107342.00 55023.00 1082130432 32768 128 32
131328.00 45046.00 -296417.00 1082130432 32768 128 1
4104.00 103480.00 58193.00 1082130432 32768 128 32
131328.00 45080.00 -292812.00 1082130432 32768 128 1
4104.00 111986.00 57060.00 1082130432 32768 128 32
131328.00 46152.00 -300514.00 1082130432 32768 128 1
4104.00 113079.00 52958.00 1082130432 32768 128 32
131328.00 38451.00 -302082.00 1082130432 32768 128 1
4104.00 104618.00 44872.00 1082130432 32768 128 32
131328.00 45554.00 -285565.00 1082130432 32768 128 1
4104.00 102831.00 45683.00 1082130432 32768 128 32
131328.00 45908.00 -293766.00 1082130432 32768 128 1
4104.00 98503.00 41211.00 1082130432 32768 128 32
131328.00 40530.00 -300169.00 1082130432 32768 128 1
4104.00 108559.00 60073.00 1082130432 32768 128 32
131328.00 43601.00 -297976.00 1082130432 32768 128 1
4104.00 105279.00 49330.00 1082130432 32768 128 32
131328.00 41407.00 -304060.00 1082130432 32768 128 1
4104.00 104347.00 43307.00 1082130432 32768 128 32
131328.00 42155.00 -290980.00 1082130432 32768 128 1
4104.00 105491.00 50452.00 1082130432 32768 128 32
131328.00 43510.00 -294777.00 1082130432 32768 128 1
4104.00 102958.00 44719.00 1082130432 32768 128 32
131328.00 40951.00 -297119.00 1082130432 32768 128 1
4104.00 108560.00 58201.00 1082130432 32768 128 32
131328.00 45051.00 -297683.00 1082130432 32768 128 1
4104.00 102089.00 47726.00 1082130432 32768 128 32
131328.00 43546.00 -301255.00 1082130432 32768 128 1
4104.00 107196.00 39634.00 1082130432 32768 128 32
131328.00 45420.00 -292553.00 1082130432 32768 128 1
4104.00 102912.00 55782.00 1082130432 32768 128 32
131328.00 39591.00 -295020.00 1082130432 32768 128 1
4104.00 108985.00 51024.00 1082130432 32768 128 32
131328.00 42667.00 -294162.00 1082130432 32768 128 1
4104.00 101210.00 54080.00 1082130432 32768 128 32
131328.00 44351.00 -297824.00 1082130432 32768 128 1
4104.00 108754.00 38332.00 1082130432 32768 128 32
131328.00 43488.00 -297473.00 1082130432 32768 128 1
4104.00 108872.00 49572.00 1082130432 32768 128 32
131328.00 42059.00 -295198.00 1082130432 32768 128 1
4104.00 111878.00 52338.00 1082130432 32768 128 32
131328.00 46721.00 -293110.00 1082130432 32768 128 1
4104.00 100989.00 45505.00 1082130432 32768 128 32
131328.00 45259.00 -295776.00 1082130432 32768 128 1
4104.00 111115.00 35012.00 1082130432 32768 128 32
131328.00 40904.00 -304042.00 1082130432 32768 128 1
4104.00 105993.00 55365.00 1082130432 32768 128 32
131328.00 43300.00 -298916.00 1082130432 32768 128 1
4104.00 102270.00 47299.00 1082130432 32768 128 32
131328.00 43234.00 -293368.00 1082130432 32768 128 1
4104.00 107670.00 61301.00 1082130432 32768 128 32
131328.00 46919.00 -298592.00 1082130432 32768 128 1
4104.00 106555.00 49221.00 1082130432 32768 128 32
131328.00 38415.00 -298670.00 1082130432 32768 128 1
4104.00 107033.00 44700.00 1082130432 32768 128 32
131328.00 37479.00 -299573.00 1082130432 32768 128 1
4104.00 102860.00 50696.00 1082130432 32768 128 32
131328.00 41919.00 -289888.00 1082130432 32768 128 1
4104.00 106189.00 40857.00 1082130432 32768 128 32
131328.00 49644.00 -292861.00 1082130432 32768 128 1
4104.00 106137.00 45068.00 1082130432 32768 128 32
131328.00 44032.00 -292783.00 1082130432 32768 128 1
4104.00 110164.00 45483.00 1082130432 32768 128 32
131328.00 43262.00 -303540.00 1082130432 32768 128 1
4104.00 107302.00 56554.00 1082130432 32768 128 32
131328.00 44585.00 -293822.00 1082130432 32768 128 1
4104.00 99755.00 41463.00 1082130432 32768 128 32
131328.00 46397.00 -295590.00 1082130432 32768 128 1
4104.00 113452.00 47481.00 1082130432 32768 128 32
131328.00 40349.00 -299728.00 1082130432 32768 128 1
4104.00 109247.00 58456.00 1082130432 32768 128 32
131328.00 40136.00 -299456.00 1082130432 32768 128 1
4104.00 111733.00 59841.00 1082130432 32768 128 32
131328.00 42098.00 -298828.00 1082130432 32768 128 1
4104.00 106410.00 42651.00 1082130432 32768 128 32
131328.00 39201.00 -294175.00 1082130432 32768 128 1
4104.00 105198.00 57565.00 1082130432 32768 128 32
131328.00 40220.00 -291206.00 1082130432 32768 128 1
4104.00 100212.00 45247.00 1082130432 32768 128 32
131328.00 44899.00 -289257.00 1082130432 32768 128 1
4104.00 110484.00 47537.00 1082130432 32768 128 32
131328.00 39179.00 -302061.00 1082130432 32768 128 1
4104.00 106203.00 56076.00 1082130432 32768 128 32
131328.00 38893.00 -291473.00 1082130432 32768 128 1
4104.00 100905.00 46542.00 1082130432 32768 128 32
131328.00 49036.00 -287803.00 1082130432 32768 128 1
4104.00 106471.00 43175.00 1082130432 32768 128 32
131328.00 42952.00 -297809.00 1082130432 32768 128 1
4104.00 108189.00 47770.00 1082130432 32768 128 32
131328.00 41556.00 -295978.00 1082130432 32768 128 1
4104.00 102603.00 44688.00 1082130432 32768 128 32
131328.00 40295.00 -302141.00 1082130432 32768 128 1
4104.00 98581.00 47518.00 1082130432 32768 128 32
131328.00 44319.00 -296252.00 1082130432 32768 128 1
4104.00 103400.00 46731.00 1082130432 32768 128 32
131328.00 45377.00 -295318.00 1082130432 32768 128 1
4104.00 111280.00 49410.00 1082130432 32768 128 32
131328.00 49103.00 -287948.00 1082130432 32768 128 1
4104.00 107027.00 46543.00 1082130432 32768 128 32
131328.00 43057.00 -299967.00 1082130432 32768 128 1
4104.00 106682.00 56281.00 1082130432 32768 128 32
131328.00 42200.00 -297123.00 1082130432 32768 128 1
4104.00 107253.00 50835.00 1082130432 32768 128 32
131328.00 47697.00 -292516.00 1082130432 32768 128 1
4104.00 107818.00 42565.00 1082130432 32768 128 32
131328.00 42018.00 -297589.00 1082130432 32768 128 1
4104.00 106144.00 49781.00 1082130432 32768 128 32
131328.00 41270.00 -301586.00 1082130432 32768 128 1
4104.00 103024.00 46914.00 1082130432 32768 128 32
131328.00 42470.00 -297211.00 1082130432 32768 128 1
4104.00 102084.00 50914.00 1082130432 32768 128 32
131328.00 46777.00 -297012.00 1082130432 32768 128 1
4104.00 102892.00 53670.00 1082130432 32768 128 32
131328.00 46277.00 -295011.00 1082130432 32768 128 1
4104.00 109723.00 57695.00 1082130432 32768 128 32
131328.00 48109.00 -293018.00 1082130432 32768 128 1
4104.00 106140.00 48332.00 1082130432 32768 128 32
131328.00 40524.00 -299538.00 1082130432 32768 128 1
4104.00 107100.00 55033.00 1082130432 32768 128 32
131328.00 37866.00 -298929.00 1082130432 32768 128 1
4104.00 107317.00 48867.00 1082130432 32768 128 32
131328.00 41789.00 -292826.00 1082130432 32768 128 1
4104.00 102715.00 48082.00 1082130432 32768 128 32
131328.00 48173.00 -292877.00 1082130432 32768 128 1
4104.00 116354.00 48918.00 1082130432 32768 128 32
131328.00 40921.00 -301075.00 1082130432 32768 128 1
4104.00 112221.00 46143.00 1082130432 32768 128 32
131328.00 42283.00 -297364.00 1082130432 32768 128 1
4104.00 100523.00 49551.00 1082130432 32768 128 32
131328.00 42939.00 -291984.00 1082130432 32768 128 1
4104.00 97040.00 40495.00 1082130432 32768 128 32
131328.00 40154.00 -298128.00 1082130432 32768 128 1
4104.00 98446.00 30476.00 1082130432 32768 128 32
131328.00 40685.00 -298303.00 1082130432 32768 128 1
4104.00 110436.00 59532.00 1082130432 32768 128 32
131328.00 40500.00 -302296.00 1082130432 32768 128 1
4104.00 98991.00 38668.00 1082130432 32768 128 32
131328.00 40717.00 -301565.00 1082130432 32768 128 1
4104.00 105162.00 51058.00 1082130432 32768 128 32
131328.00 43602.00 -298583.00 1082130432 32768 128 1
4104.00 105501.00 51621.00 1082130432 32768 128 32
131328.00 44625.00 -295838.00 1082130432 32768 128 1
4104.00 109573.00 43020.00 1082130432 32768 128 32
131328.00 40654.00 -303763.00 1082130432 32768 128 1
4104.00 105452.00 56264.00 1082130432 32768 128 32
131328.00 40055.00 -302938.00 1082130432 32768 128 1
4104.00 103771.00 44455.00 1082130432 32768 128 32
131328.00 42104.00 -296619.00 1082130432 32768 128 1
4104.00 101570.00 53131.00 1082130432 32768 128 32
131328.00 45988.00 -295331.00 1082130432 32768 128 1
4104.00 98542.00 43850.00 1082130432 32768 128 32
131328.00 39360.00 -306720.00 1082130432 32768 128 1
4104.00 101842.00 43995.00 1082130432 32768 128 32
131328.00 41055.00 -301952.00 1082130432 32768 128 1
4104.00 107710.00 61298.00 1082130432 32768 128 32
131328.00 42551.00 -301924.00 1082130432 32768 128 1
4104.00 102794.00 56312.00 1082130432 32768 128 32
131328.00 45681.00 -295816.00 1082130432 32768 128 1
4104.00 102844.00 43027.00 1082130432 32768 128 32
131328.00 45992.00 -291384.00 1082130432 32768 128 1
4104.00 108939.00 46913.00 1082130432 32768 128 32
131328.00 44909.00 -299244.00 1082130432 32768 128 1
4104.00 101620.00 43082.00 1082130432 32768 128 32
131328.00 43833.00 -297362.00 1082130432 32768 128 1
4104.00 107688.00 47353.00 1082130432 32768 128 32
131328.00 45500.00 -293305.00 1082130432 32768 128 1
4104.00 109768.00 57922.00 1082130432 32768 128 32
131328.00 47473.00 -293682.00 1082130432 32768 128 1
4104.00 99660.00 38147.00 1082130432 32768 128 32
131328.00 44164.00 -305388.00 1082130432 32768 128 1
4104.00 97816.00 44997.00 1082130432 32768 128 32
131328.00 43832.00 -303098.00 1082130432 32768 128 1
4104.00 101133.00 52570.00 1082130432 32768 128 32
131328.00 39424.00 -300381.00 1082130432 32768 128 1
4104.00 108151.00 56264.00 1082130432 32768 128 32
131328.00 45738.00 -290751.00 1082130432 32768 128 1
4104.00 102071.00 52647.00 1082130432 32768 128 32
131328.00 48541.00 -295327.00 1082130432 32768 128 1
4104.00 105490.00 62697.00 1082130432 32768 128 32
131328.00 41683.00 -300959.00 1082130432 32768 128 1
4104.00 102397.00 48798.00 1082130432 32768 128 32
131328.00 39655.00 -305229.00 1082130432 32768 128 1
4104.00 111264.00 47800.00 1082130432 32768 128 32
131328.00 44789.00 -289090.00 1082130432 32768 128 1
4104.00 110201.00 49638.00 1082130432 32768 128 32
131328.00 44437.00 -281366.00 1082130432 32768 128 1
4104.00 101205.00 49993.00 1082130432 32768 128 32
131328.00 42468.00 -300960.00 1082130432 32768 128 1
4104.00 103413.00 46610.00 1082130432 32768 128 32
131328.00 45553.00 -300066.00 1082130432 32768 128 1
4104.00 96684.00 52173.00 1082130432 32768 128 32
131328.00 39209.00 -306925.00 1082130432 32768 128 1
4104.00 105610.00 50139.00 1082130432 32768 128 32
131328.00 44587.00 -292173.00 1082130432 32768 128 1
4104.00 106920.00 51271.00 1082130432 32768 128 32
131328.00 44203.00 -289027.00 1082130432 32768 128 1
4104.00 113263.00 52788.00 1082130432 32768 128 32
131328.00 43300.00 -296344.00 1082130432 32768 128 1
4104.00 109421.00 51344.00 1082130432 32768 128 32
131328.00 43135.00 -300049.00 1082130432 32768 128 1
4104.00 103193.00 57936.00 1082130432 32768 128 32
131328.00 44182.00 -298104.00 1082130432 32768 128 1
4104.00 103958.00 39808.00 1082130432 32768 128 32
131328.00 46067.00 -280711.00 1082130432 32768 128 1
4104.00 111823.00 58393.00 1082130432 32768 128 32
131328.00 40471.00 -299612.00 1082130432 32768 128 1
4104.00 110695.00 46411.00 1082130432 32768 128 32
131328.00 39928.00 -301417.00 1082130432 32768 128 1
4104.00 99589.00 49969.00 1082130432 32768 128 32
131328.00 45103.00 -301264.00 1082130432 32768 128 1
4104.00 101060.00 46942.00 1082130432 32768 128 32
131328.00 41319.00 -297562.00 1082130432 32768 128 1
4104.00 111336.00 54948.00 1082130432 32768 128 32
131328.00 44296.00 -295412.00 1082130432 32768 128 1
4104.00 100405.00 45927.00 1082130432 32768 128 32
131328.00 39323.00 -305493.00 1082130432 32768 128 1
4104.00 115164.00 52532.00 1082130432 32768 128 32
131328.00 42910.00 -297441.00 1082130432 32768 128 1
4104.00 112338.00 53078.00 1082130432 32768 128 32
131328.00 38848.00 -297256.00 1082130432 32768 128 1
4104.00 94651.00 34017.00 1082130432 32768 128 32
131328.00 44319.00 -299058.00 1082130432 32768 128 1
4104.00 102469.00 51503.00 1082130432 32768 128 32
131328.00 45187.00 -300441.00 1082130432 32768 128 1
4104.00 106121.00 57010.00 1082130432 32768 128 32
131328.00 45470.00 -304488.00 1082130432 32768 128 1
4104.00 101825.00 45262.00 1082130432 32768 128 32
131328.00 42030.00 -299017.00 1082130432 32768 128 1
4104.00 102698.00 51419.00 1082130432 32768 128 32
131328.00 48568.00 -292896.00 1082130432 32768 128 1
4104.00 105877.00 48898.00 1082130432 32768 128 32
131328.00 45686.00 -292104.00 1082130432 32768 128 1
4104.00 104433.00 50805.00 1082130432 32768 128 32
131328.00 42537.00 -299241.00 1082130432 32768 128 1
4104.00 104757.00 48084.00 1082130432 32768 128 32
131328.00 41691.00 -299346.00 1082130432 32768 128 1
4104.00 109526.00 52822.00 1082130432 32768 128 32
131328.00 45047.00 -285336.00 1082130432 32768 128 1
4104.00 108382.00 48607.00 1082130432 32768 128 32
131328.00 46487.00 -293825.00 1082130432 32768 128 1
4104.00 102420.00 52138.00 1082130432 32768 128 32
131328.00 40229.00 -299330.00 1082130432 32768 128 1
4104.00 112907.00 56645.00 1082130432 32768 128 32
131328.00 40077.00 -301278.00 1082130432 32768 128 1
4104.00 100379.00 42709.00 1082130432 32768 128 32
131328.00 41280.00 -302351.00 1082130432 32768 128 1
4104.00 104199.00 50919.00 1082130432 32768 128 32
131328.00 38993.00 -296536.00 1082130432 32768 128 1
4104.00 102253.00 41182.00 1082130432 32768 128 32
131328.00 48166.00 -293436.00 1082130432 32768 128 1
4104.00 102981.00 60831.00 1082130432 32768 128 32
131328.00 38799.00 -299044.00 1082130432 32768 128 1
4104.00 104710.00 48303.00 1082130432 32768 128 32
131328.00 41976.00 -300494.00 1082130432 32768 128 1
4104.00 99168.00 45858.00 1082130432 32768 128 32
131328.00 40428.00 -301502.00 1082130432 32768 128 1
4104.00 103151.00 45155.00 1082130432 32768 128 32
131328.00 44663.00 -291607.00 1082130432 32768 128 1
4104.00 102764.00 59398.00 1082130432 32768 128 32
131328.00 43236.00 -299371.00 1082130432 32768 128 1
4104.00 115467.00 51001.00 1082130432 32768 128 32
131328.00 41232.00 -297424.00 1082130432 32768 128 1
4104.00 102766.00 48230.00 1082130432 32768 128 32
131328.00 44453.00 -295465.00 1082130432 32768 128 1
4104.00 105421.00 51559.00 1082130432 32768 128 32
131328.00 36034.00 -299970.00 1082130432 32768 128 1
4104.00 106206.00 58491.00 1082130432 32768 128 32
131328.00 45719.00 -292013.00 1082130432 32768 128 1
4104.00 107838.00 59956.00 1082130432 32768 128 32
131328.00 41083.00 -302959.00 1082130432 32768 128 1
4104.00 104779.00 55697.00 1082130432 32768 128 32
131328.00 42869.00 -290835.00 1082130432 32768 128 1
4104.00 105254.00 59263.00 1082130432 32768 128 32
131328.00 38765.00 -298155.00 1082130432 32768 128 1
4104.00 110388.00 46675.00 1082130432 32768 128 32
131328.00 41290.00 -291457.00 1082130432 32768 128 1
4104.00 99106.00 46788.00 1082130432 32768 128 32
131328.00 45911.00 -302357.00 1082130432 32768 128 1
4104.00 104516.00 58902.00 1082130432 32768 128 32
131328.00 44956.00 -297739.00 1082130432 32768 128 1
4104.00 100890.00 45701.00 1082130432 32768 128 32
131328.00 45650.00 -297082.00 1082130432 32768 128 1
4104.00 102070.00 45998.00 1082130432 32768 128 32
131328.00 44943.00 -297070.00 1082130432 32768 128 1
4104.00 100361.00 50130.00 1082130432 32768 128 32
131328.00 43293.00 -294070.00 1082130432 32768 128 1
4104.00 101854.00 46697.00 1082130432 32768 128 32
131328.00 41960.00 -302439.00 1082130432 32768 128 1
4104.00 105177.00 35539.00 1082130432 32768 128 32
131328.00 39622.00 -303422.00 1082130432 32768 128 1
4104.00 101713.00 43781.00 1082130432 32768 128 32
131328.00 45184.00 -293762.00 1082130432 32768 128 1
4104.00 98047.00 40817.00 1082130432 32768 128 32
131328.00 42129.00 -298893.00 1082130432 32768 128 1
4104.00 100331.00 54545.00 1082130432 32768 128 32
131328.00 41213.00 -299413.00 1082130432 32768 128 1
4104.00 110668.00 53731.00 1082130432 32768 128 32
131328.00 41119.00 -297996.00 1082130432 32768 128 1
4104.00 115651.00 43937.00 1082130432 32768 128 32
131328.00 42004.00 -299207.00 1082130432 32768 128 1
4104.00 109609.00 55975.00 1082130432 32768 128 32
131328.00 36585.00 -300114.00 1082130432 32768 128 1
4104.00 106732.00 52443.00 1082130432 32768 128 32
131328.00 39052.00 -296121.00 1082130432 32768 128 1
4104.00 96764.00 49014.00 1082130432 32768 128 32
131328.00 43684.00 -294137.00 1082130432 32768 128 1
4104.00 109629.00 58123.00 1082130432 32768 128 32
131328.00 42728.00 -299625.00 1082130432 32768 128 1
4104.00 96290.00 48582.00 1082130432 32768 128 32
131328.00 44937.00 -302630.00 1082130432 32768 128 1
4104.00 107764.00 51624.00 1082130432 32768 128 32
131328.00 39658.00 -291157.00 1082130432 32768 128 1
4104.00 104197.00 52483.00 1082130432 32768 128 32
131328.00 47009.00 -295591.00 1082130432 32768 128 1
4104.00 108550.00 46043.00 1082130432 32768 128 32
131328.00 42891.00 -300618.00 1082130432 32768 128 1
4104.00 105775.00 44941.00 1082130432 32768 128 32
131328.00 42961.00 -293154.00 1082130432 32768 128 1
4104.00 99233.00 47461.00 1082130432 32768 128 32
131328.00 45217.00 -296732.00 1082130432 32768 128 1
4104.00 108630.00 52791.00 1082130432 32768 128 32
131328.00 45262.00 -293364.00 1082130432 32768 128 1
4104.00 102456.00 34790.00 1082130432 32768 128 32
131328.00 42837.00 -298087.00 1082130432 32768 128 1
4104.00 102949.00 51992.00 1082130432 32768 128 32
131328.00 44712.00 -301288.00 1082130432 32768 128 1
4104.00 105378.00 45097.00 1082130432 32768 128 32
131328.00 42922.00 -295577.00 1082130432 32768 128 1
4104.00 110246.00 56868.00 1082130432 32768 128 32
131328.00 40535.00 -294104.00 1082130432 32768 128 1
4104.00 103701.00 47101.00 1082130432 32768 128 32
131328.00 42386.00 -296484.00 1082130432 32768 128 1
4104.00 111123.00 45962.00 1082130432 32768 128 32
131328.00 41342.00 -298334.00 1082130432 32768 128 1
4104.00 101713.00 49280.00 1082130432 32768 128 32
131328.00 41559.00 -303252.00 1082130432 32768 128 1
4104.00 99435.00 49175.00 1082130432 32768 128 32
131328.00 41710.00 -302010.00 1082130432 32768 128 1
4104.00 107434.00 50411.00 1082130432 32768 128 32
131328.00 44728.00 -295779.00 1082130432 32768 128 1
4104.00 109141.00 51284.00 1082130432 32768 128 32
131328.00 38614.00 -302681.00 1082130432 32768 128 1
4104.00 104152.00 47062.00 1082130432 32768 128 32
131328.00 43231.00 -299798.00 1082130432 32768 128 1
4104.00 107647.00 60567.00 1082130432 32768 128 32
131328.00 41716.00 -302127.00 1082130432 32768 128 1
4104.00 99842.00 45741.00 1082130432 32768 128 32
131328.00 43871.00 -297597.00 1082130432 32768 128 1
4104.00 107182.00 40996.00 1082130432 32768 128 32
131328.00 40786.00 -301211.00 1082130432 32768 128 1
4104.00 106556.00 47354.00 1082130432 32768 128 32
131328.00 42638.00 -298019.00 1082130432 32768 128 1
4104.00 96781.00 46278.00 1082130432 32768 128 32
131328.00 41294.00 -302330.00 1082130432 32768 128 1
4104.00 104031.00 50117.00 1082130432 32768 128 32
131328.00 42828.00 -290777.00 1082130432 32768 128 1
4104.00 103189.00 42760.00 1082130432 32768 128 32
131328.00 46906.00 -284286.00 1082130432 32768 128 1
4104.00 107839.00 62471.00 1082130432 32768 128 32
131328.00 43609.00 -297217.00 1082130432 32768 128 1
4104.00 104612.00 52393.00 1082130432 32768 128 32
131328.00 42005.00 -297885.00 1082130432 32768 128 1
4104.00 112534.00 49238.00 1082130432 32768 128 32
131328.00 42786.00 -295359.00 1082130432 32768 128 1
4104.00 99903.00 47461.00 1082130432 32768 128 32
131328.00 41103.00 -296932.00 1082130432 32768 128 1
4104.00 115267.00 48804.00 1082130432 32768 128 32
131328.00 44155.00 -296332.00 1082130432 32768 128 1
4104.00 108361.00 49406.00 1082130432 32768 128 32
131328.00 42664.00 -296656.00 1082130432 32768 128 1
4104.00 99062.00 55467.00 1082130432 32768 128 32
131328.00 37548.00 -304607.00 1082130432 32768 128 1
4104.00 103394.00 43942.00 1082130432 32768 128 32
131328.00 39778.00 -292592.00 1082130432 32768 128 1
4104.00 103931.00 45588.00 1082130432 32768 128 32
131328.00 46238.00 -292095.00 1082130432 32768 128 1
4104.00 99531.00 49473.00 1082130432 32768 128 32
131328.00 42682.00 -301748.00 1082130432 32768 128 1
4104.00 104943.00 54442.00 1082130432 32768 128 32
131328.00 41542.00 -301087.00 1082130432 32768 128 1
4104.00 109662.00 56851.00 1082130432 32768 128 32
131328.00 42923.00 -296439.00 1082130432 32768 128 1
4104.00 105701.00 52741.00 1082130432 32768 128 32
131328.00 39775.00 -295286.00 1082130432 32768 128 1
4104.00 97623.00 47337.00 1082130432 32768 128 32
131328.00 47978.00 -293167.00 1082130432 32768 128 1
4104.00 109570.00 50292.00 1082130432 32768 128 32
131328.00 40857.00 -303976.00 1082130432 32768 128 1
4104.00 112592.00 50243.00 1082130432 32768 128 32
131328.00 45136.00 -299134.00 1082130432 32768 128 1
4104.00 102220.00 41037.00 1082130432 32768 128 32
131328.00 45067.00 -288284.00 1082130432 32768 128 1
4104.00 97358.00 51719.00 1082130432 32768 128 32
131328.00 41667.00 -298344.00 1082130432 32768 128 1
4104.00 100632.00 44605.00 1082130432 32768 128 32
131328.00 42933.00 -302134.00 1082130432 32768 128 1
4104.00 99375.00 46735.00 1082130432 32768 128 32
131328.00 38905.00 -304197.00 1082130432 32768 128 1
4104.00 101159.00 46351.00 1082130432 32768 128 32
131328.00 45824.00 -293817.00 1082130432 32768 128 1
4104.00 103503.00 45830.00 1082130432 32768 128 32
131328.00 39453.00 -296394.00 1082130432 32768 128 1
4104.00 104645.00 58637.00 1082130432 32768 128 32
131328.00 44761.00 -294871.00 1082130432 32768 128 1
4104.00 109169.00 65377.00 1082130432 32768 128 32
131328.00 45819.00 -302582.00 1082130432 32768 128 1
4104.00 103627.00 48063.00 1082130432 32768 128 32
131328.00 38306.00 -300542.00 1082130432 32768 128 1
4104.00 95296.00 34250.00 1082130432 32768 128 32
131328.00 42725.00 -297930.00 1082130432 32768 128 1
4104.00 105169.00 55315.00 1082130432 32768 128 32
131328.00 41087.00 -292747.00 1082130432 32768 128 1
4104.00 107085.00 52061.00 1082130432 32768 128 32
131328.00 41514.00 -301304.00 1082130432 32768 128 1
4104.00 116076.00 49259.00 1082130432 32768 128 32
131328.00 41103.00 -298656.00 1082130432 32768 128 1
4104.00 100764.00 45395.00 1082130432 32768 128 32
131328.00 40608.00 -298854.00 1082130432 32768 128 1
4104.00 101904.00 45116.00 1082130432 32768 128 32
131328.00 41460.00 -292136.00 1082130432 32768 128 1
4104.00 104114.00 57646.00 1082130432 32768 128 32
131328.00 48338.00 -294476.00 1082130432 32768 128 1
4104.00 101069.00 45650.00 1082130432 32768 128 32
131328.00 44000.00 -297153.00 1082130432 32768 128 1
4104.00 101221.00 44289.00 1082130432 32768 128 32
131328.00 44798.00 -282307.00 1082130432 32768 128 1
4104.00 96742.00 39401.00 1082130432 32768 128 32
131328.00 44440.00 -304201.00 1082130432 32768 128 1
4104.00 108955.00 46275.00 1082130432 32768 128 32
131328.00 44768.00 -290627.00 1082130432 32768 128 1
4104.00 110326.00 59317.00 1082130432 32768 128 32
131328.00 40184.00 -296704.00 1082130432 32768 128 1
4104.00 110933.00 58368.00 1082130432 32768 128 32
131328.00 40911.00 -302188.00 1082130432 32768 128 1
4104.00 101061.00 43219.00 1082130432 32768 128 32
131328.00 40974.00 -294572.00 1082130432 32768 128 1
4104.00 101725.00 53760.00 1082130432 32768 128 32
131328.00 37737.00 -303425.00 1082130432 32768 128 1
4104.00 101317.00 50959.00 1082130432 32768 128 32
131328.00 48797.00 -291807.00 1082130432 32768 128 1
4104.00 107047.00 46707.00 1082130432 32768 128 32
131328.00 44198.00 -300250.00 1082130432 32768 128 1
4104.00 106166.00 45835.00 1082130432 32768 128 32
131328.00 39196.00 -307062.00 1082130432 32768 128 1
4104.00 105812.00 52742.00 1082130432 32768 128 32
131328.00 42612.00 -292419.00 1082130432 32768 128 1
4104.00 105230.00 50762.00 1082130432 32768 128 32
131328.00 40395.00 -296707.00 1082130432 32768 128 1
4104.00 96711.00 48834.00 1082130432 32768 128 32
131328.00 42120.00 -300198.00 1082130432 32768 128 1
4104.00 104408.00 45757.00 1082130432 32768 128 32
131328.00 42930.00 -295065.00 1082130432 32768 128 1
4104.00 109265.00 43126.00 1082130432 32768 128 32
131328.00 39936.00 -302706.00 1082130432 32768 128 1
4104.00 99627.00 47462.00 1082130432 32768 128 32
131328.00 38186.00 -296880.00 1082130432 32768 128 1
4104.00 98719.00 41153.00 1082130432 32768 128 32
131328.00 43342.00 -298195.00 1082130432 32768 128 1
4104.00 108854.00 52561.00 1082130432 32768 128 32
131328.00 41395.00 -291622.00 1082130432 32768 128 1
4104.00 102508.00 45489.00 1082130432 32768 128 32
131328.00 43395.00 -298975.00 1082130432 32768 128 1
4104.00 102077.00 48996.00 1082130432 32768 128 32
131328.00 36157.00 -298246.00 1082130432 32768 128 1
4104.00 110683.00 52088.00 1082130432 32768 128 32
131328.00 41363.00 -293002.00 1082130432 32768 128 1
4104.00 108390.00 42860.00 1082130432 32768 128 32
131328.00 41711.00 -298710.00 1082130432 32768 128 1
4104.00 105495.00 50942.00 1082130432 32768 128 32
131328.00 37195.00 -303824.00 1082130432 32768 128 1
4104.00 104618.00 42765.00 1082130432 32768 128 32
131328.00 42951.00 -297162.00 1082130432 32768 128 1
4104.00 107444.00 55018.00 1082130432 32768 128 32
131328.00 37132.00 -297886.00 1082130432 32768 128 1
4104.00 110294.00 55810.00 1082130432 32768 128 32
131328.00 48466.00 -289468.00 1082130432 32768 128 1
4104.00 108888.00 49051.00 1082130432 32768 128 32
131328.00 44007.00 -299254.00 1082130432 32768 128 1
4104.00 105379.00 51416.00 1082130432 32768 128 32
131328.00 40079.00 -302882.00 1082130432 32768 128 1
4104.00 100300.00 50002.00 1082130432 32768 128 32
131328.00 38522.00 -297881.00 1082130432 32768 128 1
4104.00 104925.00 56399.00 1082130432 32768 128 32
131328.00 45419.00 -290066.00 1082130432 32768 128 1
4104.00 102415.00 42588.00 1082130432 32768 128 32
131328.00 46131.00 -294459.00 1082130432 32768 128 1
4104.00 108141.00 50141.00 1082130432 32768 128 32
131328.00 37757.00 -306179.00 1082130432 32768 128 1
4104.00 104992.00 51524.00 1082130432 32768 128 32
131328.00 41724.00 -299068.00 1082130432 32768 128 1
4104.00 107065.00 53509.00 1082130432 32768 128 32
131328.00 39545.00 -297527.00 1082130432 32768 128 1
4104.00 98576.00 43276.00 1082130432 32768 128 32
131328.00 45534.00 -286604.00 1082130432 32768 128 1
4104.00 106708.00 57209.00 1082130432 32768 128 32
131328.00 43026.00 -301041.00 1082130432 32768 128 1
4104.00 103771.00 46970.00 1082130432 32768 128 32
131328.00 39654.00 -300877.00 1082130432 32768 128 1
4104.00 105393.00 47246.00 1082130432 32768 128 32
131328.00 41536.00 -299814.00 1082130432 32768 128 1
4104.00 110186.00 45445.00 1082130432 32768 128 32
131328.00 41623.00 -297677.00 1082130432 32768 128 1
4104.00 100201.00 45615.00 1082130432 32768 128 32
131328.00 44100.00 -295667.00 1082130432 32768 128 1
4104.00 103869.00 53302.00 1082130432 32768 128 32
131328.00 39924.00 -302970.00 1082130432 32768 128 1
4104.00 105005.00 47688.00 1082130432 32768 128 32
131328.00 39785.00 -303478.00 1082130432 32768 128 1
4104.00 104485.00 51554.00 1082130432 32768 128 32
131328.00 46712.00 -294112.00 1082130432 32768 128 1
4104.00 99538.00 40222.00 1082130432 32768 128 32
131328.00 42161.00 -299177.00 1082130432 32768 128 1
4104.00 99425.00 49423.00 1082130432 32768 128 32
131328.00 41812.00 -303394.00 1082130432 32768 128 1
4104.00 107276.00 49480.00 1082130432 32768 128 32
131328.00 45354.00 -298714.00 1082130432 32768 128 1
4104.00 111053.00 45966.00 1082130432 32768 128 32
131328.00 42513.00 -302331.00 1082130432 32768 128 1
4104.00 97980.00 44077.00 1082130432 32768 128 32
131328.00 43076.00 -293028.00 1082130432 32768 128 1
4104.00 103044.00 58806.00 1082130432 32768 128 32
131328.00 40706.00 -289250.00 1082130432 32768 128 1
4104.00 104725.00 48974.00 1082130432 32768 128 32
131328.00 41094.00 -302850.00 1082130432 32768 128 1
4104.00 108047.00 49227.00 1082130432 32768 128 32
131328.00 38325.00 -302883.00 1082130432 32768 128 1
4104.00 99000.00 48727.00 1082130432 32768 128 32
131328.00 43779.00 -287300.00 1082130432 32768 128 1
4104.00 104385.00 52872.00 1082130432 32768 128 32
131328.00 44789.00 -298072.00 1082130432 32768 128 1
4104.00 107989.00 58273.00 1082130432 32768 128 32
131328.00 41245.00 -301234.00 1082130432 32768 128 1
4104.00 99739.00 45712.00 1082130432 32768 128 32
131328.00 41680.00 -303687.00 1082130432 32768 128 1
4104.00 105313.00 51432.00 1082130432 32768 128 32
131328.00 40773.00 -302846.00 1082130432 32768 128 1
4104.00 103211.00 53651.00 1082130432 32768 128 32
131328.00 44722.00 -290189.00 1082130432 32768 128 1
4104.00 106159.00 52490.00 1082130432 32768 128 32
131328.00 39396.00 -295342.00 1082130432 32768 128 1
4104.00 111272.00 56586.00 1082130432 32768 128 32
131328.00 43872.00 -305513.00 1082130432 32768 128 1
4104.00 105266.00 47797.00 1082130432 32768 128 32
131328.00 38261.00 -302140.00 1082130432 32768 128 1
4104.00 103252.00 35728.00 1082130432 32768 128 32
131328.00 34664.00 -299371.00 1082130432 32768 128 1
4104.00 104760.00 50455.00 1082130432 32768 128 32
131328.00 41729.00 -293967.00 1082130432 32768 128 1
4104.00 102276.00 49254.00 1082130432 32768 128 32
131328.00 44686.00 -295004.00 1082130432 32768 128 1
4104.00 112301.00 58257.00 1082130432 32768 128 32
131328.00 38322.00 -305258.00 1082130432 32768 128 1
4104.00 113836.00 48260.00 1082130432 32768 128 32
131328.00 43720.00 -295106.00 1082130432 32768 128 1
4104.00 106668.00 50763.00 1082130432 32768 128 32
131328.00 49518.00 -290941.00 1082130432 32768 128 1
4104.00 96192.00 44915.00 1082130432 32768 128 32
131328.00 40551.00 -299168.00 1082130432 32768 128 1
4104.00 100508.00 47823.00 1082130432 32768 128 32
131328.00 41605.00 -300777.00 1082130432 32768 128 1
4104.00 101757.00 51200.00 1082130432 32768 128 32
131328.00 42511.00 -286906.00 1082130432 32768 128 1
4104.00 95869.00 45054.00 1082130432 32768 128 32
131328.00 41665.00 -304273.00 1082130432 32768 128 1
4104.00 103208.00 49578.00 1082130432 32768 128 32
131328.00 45299.00 -291292.00 1082130432 32768 128 1
4104.00 96064.00 47585.00 1082130432 32768 128 32
131328.00 46202.00 -299525.00 1082130432 32768 128 1
4104.00 107296.00 60943.00 1082130432 32768 128 32
131328.00 37134.00 -303279.00 1082130432 32768 128 1
4104.00 104424.00 47298.00 1082130432 32768 128 32
131328.00 39617.00 -298692.00 1082130432 32768 128 1
4104.00 101686.00 46971.00 1082130432 32768 128 32
131328.00 43140.00 -296283.00 1082130432 32768 128 1
4104.00 100101.00 44040.00 1082130432 32768 128 32
131328.00 41402.00 -294978.00 1082130432 32768 128 1
4104.00 106044.00 49950.00 1082130432 32768 128 32
131328.00 44422.00 -301410.00 1082130432 32768 128 1
4104.00 97900.00 34571.00 1082130432 32768 128 32
131328.00 46215.00 -300456.00 1082130432 32768 128 1
4104.00 99717.00 43103.00 1082130432 32768 128 32
131328.00 38839.00 -301074.00 1082130432 32768 128 1
4104.00 103678.00 51899.00 1082130432 32768 128 32
131328.00 41741.00 -292911.00 1082130432 32768 128 1
4104.00 99474.00 45420.00 1082130432 32768 128 32
131328.00 41975.00 -296635.00 1082130432 32768 128 1
4104.00 101788.00 49958.00 1082130432 32768 128 32
131328.00 42623.00 -300569.00 1082130432 32768 128 1
4104.00 98622.00 52152.00 1082130432 32768 128 32
131328.00 38725.00 -304109.00 1082130432 32768 128 1
4104.00 91995.00 45239.00 1082130432 32768 128 32
131328.00 42463.00 -295841.00 1082130432 32768 128 1
4104.00 106560.00 42883.00 1082130432 32768 128 32
131328.00 46274.00 -292733.00 1082130432 32768 128 1
4104.00 103762.00 50049.00 1082130432 32768 128 32
131328.00 41114.00 -299902.00 1082130432 32768 128 1
4104.00 107910.00 47155.00 1082130432 32768 128 32
131328.00 39280.00 -308494.00 1082130432 32768 128 1
4104.00 96926.00 48879.00 1082130432 32768 128 32
131328.00 36772.00 -300054.00 1082130432 32768 128 1
4104.00 104986.00 52933.00 1082130432 32768 128 32
131328.00 39596.00 -294717.00 1082130432 32768 128 1
4104.00 105590.00 48749.00 1082130432 32768 128 32
131328.00 44356.00 -295586.00 1082130432 32768 128 1
4104.00 106330.00 59527.00 1082130432 32768 128 32
131328.00 40574.00 -301415.00 1082130432 32768 128 1
4104.00 105365.00 48073.00 1082130432 32768 128 32
131328.00 40620.00 -298781.00 1082130432 32768 128 1
4104.00 101210.00 50720.00 1082130432 32768 128 32
131328.00 33940.00 -296739.00 1082130432 32768 128 1
4104.00 99435.00 54342.00 1082130432 32768 128 32
131328.00 40547.00 -295162.00 1082130432 32768 128 1
4104.00 104493.00 49024.00 1082130432 32768 128 32
131328.00 42234.00 -289515.00 1082130432 32768 128 1
4104.00 109583.00 46108.00 1082130432 32768 128 32
131328.00 43315.00 -303189.00 1082130432 32768 128 1
4104.00 101965.00 54239.00 1082130432 32768 128 32
131328.00 37251.00 -297504.00 1082130432 32768 128 1
4104.00 96985.00 48475.00 1082130432 32768 128 32
131328.00 44497.00 -298665.00 1082130432 32768 128 1
4104.00 96381.00 43559.00 1082130432 32768 128 32
131328.00 38752.00 -298299.00 1082130432 32768 128 1
4104.00 100145.00 46376.00 1082130432 32768 128 32
131328.00 39973.00 -303777.00 1082130432 32768 128 1
4104.00 112764.00 42697.00 1082130432 32768 128 32
131328.00 35196.00 -301242.00 1082130432 32768 128 1
4104.00 99826.00 43952.00 1082130432 32768 128 32
131328.00 41227.00 -296135.00 1082130432 32768 128 1
4104.00 104125.00 49055.00 1082130432 32768 128 32
131328.00 42891.00 -292507.00 1082130432 32768 128 1
4104.00 96854.00 44895.00 1082130432 32768 128 32
131328.00 40953.00 -300784.00 1082130432 32768 128 1
4104.00 107861.00 50538.00 1082130432 32768 128 32
131328.00 37093.00 -305589.00 1082130432 32768 128 1
4104.00 103773.00 47414.00 1082130432 32768 128 32
131328.00 39388.00 -298290.00 1082130432 32768 128 1
4104.00 99712.00 47660.00 1082130432 32768 128 32
131328.00 41992.00 -295494.00 1082130432 32768 128 1
4104.00 110679.00 46512.00 1082130432 32768 128 32
131328.00 37672.00 -293264.00 1082130432 32768 128 1
4104.00 112991.00 46480.00 1082130432 32768 128 32
131328.00 41815.00 -302233.00 1082130432 32768 128 1
4104.00 105245.00 49952.00 1082130432 32768 128 32
131328.00 36917.00 -299437.00 1082130432 32768 128 1
4104.00 102148.00 48396.00 1082130432 32768 128 32
131328.00 33791.00 -298670.00 1082130432 32768 128 1
4104.00 101946.00 50057.00 1082130432 32768 128 32
131328.00 47915.00 -284261.00 1082130432 32768 128 1
4104.00 108133.00 47169.00 1082130432 32768 128 32
131328.00 43751.00 -298778.00 1082130432 32768 128 1
4104.00 103442.00 49951.00 1082130432 32768 128 32
131328.00 40235.00 -302141.00 1082130432 32768 128 1
4104.00 104597.00 52096.00 1082130432 32768 128 32
131328.00 44728.00 -299335.00 1082130432 32768 128 1
4104.00 107908.00 50645.00 1082130432 32768 128 32
131328.00 40082.00 -296616.00 1082130432 32768 128 1
4104.00 100381.00 47384.00 1082130432 32768 128 32
131328.00 47287.00 -294460.00 1082130432 32768 128 1
4104.00 108098.00 56547.00 1082130432 32768 128 32
131328.00 42851.00 -301154.00 1082130432 32768 128 1
4104.00 112155.00 47007.00 1082130432 32768 128 32
131328.00 39659.00 -301619.00 1082130432 32768 128 1
4104.00 96545.00 48246.00 1082130432 32768 128 32
131328.00 35788.00 -303826.00 1082130432 32768 128 1
4104.00 102378.00 29838.00 1082130432 32768 128 32
131328.00 38674.00 -295125.00 1082130432 32768 128 1
4104.00 107907.00 44194.00 1082130432 32768 128 32
131328.00 44457.00 -293757.00 1082130432 32768 128 1
4104.00 109104.00 51245.00 1082130432 32768 128 32
131328.00 40787.00 -302734.00 1082130432 32768 128 1
4104.00 100663.00 55105.00 1082130432 32768 128 32
131328.00 36883.00 -302156.00 1082130432 32768 128 1
4104.00 101882.00 52480.00 1082130432 32768 128 32
131328.00 40131.00 -298459.00 1082130432 32768 128 1
4104.00 99867.00 40394.00 1082130432 32768 128 32
131328.00 45428.00 -298611.00 1082130432 32768 128 1
4104.00 98376.00 47151.00 1082130432 32768 128 32
131328.00 40379.00 -304006.00 1082130432 32768 128 1
4104.00 107714.00 56213.00 1082130432 32768 128 32
131328.00 45018.00 -298911.00 1082130432 32768 128 1
4104.00 99924.00 48342.00 1082130432 32768 128 32
131328.00 44297.00 -289448.00 1082130432 32768 128 1
4104.00 108797.00 51666.00 1082130432 32768 128 32
131328.00 36916.00 -293338.00 1082130432 32768 128 1
4104.00 108121.00 44778.00 1082130432 32768 128 32
131328.00 41169.00 -294947.00 1082130432 32768 128 1
4104.00 101517.00 53070.00 1082130432 32768 128 32
131328.00 40758.00 -298762.00 1082130432 32768 128 1
4104.00 109064.00 50233.00 1082130432 32768 128 32
131328.00 39685.00 -305950.00 1082130432 32768 128 1
4104.00 104529.00 49153.00 1082130432 32768 128 32
131328.00 39181.00 -302606.00 1082130432 32768 128 1
4104.00 101016.00 50582.00 1082130432 32768 128 32
131328.00 41012.00 -296310.00 1082130432 32768 128 1
4104.00 111459.00 57867.00 1082130432 32768 128 32
131328.00 40163.00 -302542.00 1082130432 32768 128 1
4104.00 104794.00 61129.00 1082130432 32768 128 32
131328.00 39164.00 -299339.00 1082130432 32768 128 1
4104.00 103882.00 44117.00 1082130432 32768 128 32
131328.00 40958.00 -298050.00 1082130432 32768 128 1
4104.00 99798.00 45383.00 1082130432 32768 128 32
131328.00 47212.00 -295927.00 1082130432 32768 128 1
4104.00 106128.00 51035.00 1082130432 32768 128 32
131328.00 44087.00 -298421.00 1082130432 32768 128 1
4104.00 110132.00 53517.00 1082130432 32768 128 32
131328.00 37420.00 -303434.00 1082130432 32768 128 1
4104.00 109135.00 54006.00 1082130432 32768 128 32
131328.00 36911.00 -304287.00 1082130432 32768 128 1
4104.00 98527.00 46084.00 1082130432 32768 128 32
131328.00 42518.00 -300313.00 1082130432 32768 128 1
4104.00 105058.00 50096.00 1082130432 32768 128 32
131328.00 45165.00 -291966.00 1082130432 32768 128 1
4104.00 98146.00 48636.00 1082130432 32768 128 32
131328.00 38658.00 -303188.00 1082130432 32768 128 1
4104.00 106460.00 60572.00 1082130432 32768 128 32
131328.00 44110.00 -285891.00 1082130432 32768 128 1
4104.00 106100.00 44303.00 1082130432 32768 128 32
131328.00 42097.00 -297448.00 1082130432 32768 128 1
4104.00 109512.00 50113.00 1082130432 32768 128 32
131328.00 40840.00 -290268.00 1082130432 32768 128 1
4104.00 106891.00 50713.00 1082130432 32768 128 32
131328.00 40323.00 -290547.00 1082130432 32768 128 1
4104.00 102363.00 62417.00 1082130432 32768 128 32
131328.00 42499.00 -302657.00 1082130432 32768 128 1
4104.00 106612.00 54137.00 1082130432 32768 128 32
131328.00 40628.00 -299299.00 1082130432 32768 128 1
4104.00 104430.00 53444.00 1082130432 32768 128 32
131328.00 41045.00 -297304.00 1082130432 32768 128 1
4104.00 102958.00 46035.00 1082130432 32768 128 32
131328.00 41338.00 -291658.00 1082130432 32768 128 1
4104.00 108478.00 56361.00 1082130432 32768 128 32
131328.00 42805.00 -298318.00 1082130432 32768 128 1
4104.00 101570.00 34204.00 1082130432 32768 128 32
131328.00 42451.00 -303598.00 1082130432 32768 128 1
4104.00 101646.00 53039.00 1082130432 32768 128 32
131328.00 39837.00 -295696.00 1082130432 32768 128 1
4104.00 103033.00 47629.00 1082130432 32768 128 32
131328.00 44069.00 -292966.00 1082130432 32768 128 1
4104.00 107156.00 53131.00 1082130432 32768 128 32