T frq I Q
27.0 4104 35.94 -27.72
58.0 131328 19.1 -5.01
89.0 4104 37.51 -26.35
120.0 131328 19.17 -5.09
152.0 4104 37.66 -26.39
214.0 4104 37.64 -26.29
183.0 131328 19.07 -5.03
276.0 4104 37.58 -26.15
245.0 131328 19.01 -5.04
307.0 131328 19.09 -5.14
339.0 4104 37.65 -26.38
370.0 131328 19.11 -5.11
401.0 4104 37.59 -26.27
463.0 4104 37.59 -26.39
432.0 131328 19.01 -5.13
495.0 131328 19.21 -5.03
526.0 4104 37.52 -26.23
588.0 4104 37.63 -26.31
557.0 131328 19.09 -4.87
619.0 131328 19.25 -4.93
651.0 4104 37.68 -26.35
682.0 131328 19.14 -5.03
713.0 4104 37.59 -26.13
775.0 4104 37.56 -26.28
744.0 131328 19.24 -5.05
807.0 131328 19.21 -4.75
869.0 131328 19.17 -5.07
900.0 4104 37.56 -26.23
931.0 131328 19.13 -4.77
962.0 4104 37.57 -26.16
994.0 131328 19.17 -5.09
1025.0 4104 37.48 -26.24
1087.0 4104 37.53 -26.18
1150.0 4104 37.63 -26.45
1056.0 131328 19.22 -5.03
1118.0 131328 19.18 -5.03
1212.0 4104 37.54 -26.11
1181.0 131328 18.96 -5.06
1243.0 131328 19.2 -5.07
1274.0 4104 37.56 -26.18
1306.0 131328 19.25 -4.97
1337.0 4104 37.58 -26.25
1399.0 4104 37.66 -26.41
1368.0 131328 19.14 -4.92
1430.0 131328 19.29 -5.02
1461.0 4104 37.63 -26.25
1493.0 131328 19.12 -5.06
1524.0 4104 37.6 -26.38
1586.0 4104 37.54 -26.19
1555.0 131328 19.17 -4.91
1617.0 131328 19.12 -4.9
1649.0 4104 37.55 -26.43
1711.0 4104 37.64 -26.44
1680.0 131328 19.23 -4.95
1742.0 131328 19.22 -4.93
1773.0 4104 37.52 -26.2
1836.0 4104 37.58 -26.38
1898.0 4104 37.55 -26.27
1805.0 131328 19.21 -4.9
1867.0 131328 19.21 -4.95
1929.0 131328 19.12 -4.97
1961.0 4104 37.56 -26.19
2023.0 4104 37.56 -26.27
1992.0 131328 19.17 -4.85
2054.0 131328 19.18 -4.97
2085.0 4104 37.54 -26.17
2148.0 4104 37.57 -26.41
2116.0 131328 19.22 -4.97
2179.0 131328 19.14 -4.99
2210.0 4104 37.54 -26.27
2272.0 4104 37.63 -26.43
2241.0 131328 19.17 -5.06
2335.0 4104 37.55 -26.12
2304.0 131328 19.04 -5.07
2366.0 131328 19.2 -4.88
2397.0 4104 37.6 -26.35
2460.0 4104 37.6 -26.24
2428.0 131328 19.19 -4.93
2491.0 131328 19.16 -4.98
2522.0 4104 37.67 -26.45
2584.0 4104 37.62 -26.2
2553.0 131328 19.12 -4.87
2647.0 4104 37.58 -26.23
2615.0 131328 19.05 -5.11
2709.0 4104 37.62 -26.25
2678.0 131328 19.2 -4.93
2740.0 131328 19.08 -5.09
2771.0 4104 37.61 -26.45
2834.0 4104 37.62 -26.37
2803.0 131328 19.14 -4.72
2896.0 4104 37.59 -26.25
2959.0 4104 37.57 -26.44
2865.0 131328 19.06 -5.05
2927.0 131328 19.17 -4.97
3021.0 4104 37.62 -26.32
2990.0 131328 19.11 -5.06
3083.0 4104 37.59 -26.22
3052.0 131328 19.18 -4.79
3115.0 131328 19.17 -5.04
3146.0 4104 37.53 -26.17
3208.0 4104 37.67 -26.41
3177.0 131328 19.06 -5.04
3239.0 131328 19.22 -5.01
3270.0 4104 37.61 -26.27
3302.0 131328 19.18 -5.01
3333.0 4104 37.62 -26.19
3395.0 4104 37.58 -26.38
3364.0 131328 19.1 -5.07
3426.0 131328 19.06 -5.03
3458.0 4104 37.64 -26.39
3489.0 131328 19.13 -4.94
3520.0 4104 37.58 -26.44
3551.0 131328 19.12 -5.03
3582.0 4104 37.6 -26.26
3645.0 4104 37.56 -26.26
3614.0 131328 19.1 -4.96
3676.0 131328 19.18 -5.01
3707.0 4104 37.56 -26.23
3738.0 131328 19.27 -4.9
3769.0 4104 37.55 -26.23
3801.0 131328 19.16 -5.06
3832.0 4104 37.64 -26.29
3894.0 4104 37.46 -26.18
3863.0 131328 19.07 -4.97
3925.0 131328 19.2 -4.9
3957.0 4104 37.63 -26.23
4019.0 4104 37.61 -26.43
3988.0 131328 19.26 -4.8
4081.0 4104 37.68 -26.27
4050.0 131328 19.18 -5.04
4113.0 131328 19.19 -4.87
4144.0 4104 37.54 -26.25
4206.0 4104 37.57 -26.28
4175.0 131328 19.2 -5.03
4237.0 131328 19.27 -4.86
4269.0 4104 37.64 -26.38
4331.0 4104 37.62 -26.2
4300.0 131328 19.07 -4.99
4362.0 131328 19.16 -4.85
4393.0 4104 37.63 -26.27
4456.0 4104 37.54 -26.47
4518.0 4104 37.64 -26.16
4424.0 131328 19.2 -4.91
4487.0 131328 19.16 -4.87
4549.0 131328 19.12 -5.03
4580.0 4104 37.57 -26.32
4612.0 131328 19.12 -4.97
4643.0 4104 37.48 -26.17
4705.0 4104 37.48 -26.19
4674.0 131328 19.09 -5.06
4768.0 4104 37.54 -26.19
4736.0 131328 19.28 -4.97
4830.0 4104 37.49 -26.14
4799.0 131328 19.18 -4.97
4892.0 4104 37.49 -26.23
4861.0 131328 19.16 -5.05
4923.0 131328 19.06 -4.91
4955.0 4104 37.56 -26.27
4986.0 131328 19.07 -5.16
5017.0 4104 37.68 -26.29
5048.0 131328 19.15 -4.97
5079.0 4104 37.54 -26.12
5111.0 131328 19.08 -5.0
5142.0 4104 37.61 -26.41
5173.0 131328 19.18 -4.89
5204.0 4104 37.52 -26.21
5235.0 131328 19.12 -5.01
5267.0 4104 37.19 -26.76
5329.0 4104 37.61 -26.4
5298.0 131328 19.14 -4.91
5391.0 4104 37.65 -26.39
5360.0 131328 19.28 -4.99
5423.0 131328 19.16 -5.02
5454.0 4104 37.52 -26.26
5516.0 4104 37.52 -26.27
5485.0 131328 19.24 -4.9
5547.0 131328 19.1 -4.97
5578.0 4104 37.69 -26.17
5641.0 4104 37.64 -26.24
5610.0 131328 19.16 -5.0
5703.0 4104 37.54 -26.12
5672.0 131328 19.21 -4.91
5734.0 131328 19.14 -4.95
5766.0 4104 37.57 -26.26
5828.0 4104 37.45 -26.21
5797.0 131328 19.18 -4.89
5859.0 131328 19.25 -4.91
5890.0 4104 37.56 -26.39
5953.0 4104 37.56 -26.27
6015.0 4104 37.42 -26.17
5922.0 131328 19.1 -4.96
5984.0 131328 19.2 -5.01
6046.0 131328 19.1 -4.96
6077.0 4104 37.62 -26.45
6109.0 131328 19.23 -4.89
6140.0 4104 37.5 -26.2
6171.0 131328 19.14 -4.91
6202.0 4104 37.52 -26.16
6265.0 4104 37.64 -26.33
6233.0 131328 19.21 -5.1
6327.0 4104 37.54 -26.19
6296.0 131328 19.15 -5.02
6358.0 131328 19.17 -4.92
6389.0 4104 37.57 -26.27
6421.0 131328 19.28 -4.78
6452.0 4104 37.62 -26.29
6483.0 131328 19.1 -5.03
6514.0 4104 37.57 -26.28
6545.0 131328 19.21 -4.86
6576.0 4104 37.56 -26.21
6608.0 131328 19.17 -5.01
6639.0 4104 37.56 -26.37
6701.0 4104 37.55 -26.3
6670.0 131328 19.23 -4.73
6764.0 4104 37.56 -26.19
6732.0 131328 19.06 -4.97
6795.0 131328 19.17 -4.93
6826.0 4104 37.6 -26.21
6857.0 131328 19.25 -4.96
6888.0 4104 37.63 -26.28
6951.0 4104 37.46 -26.16
6920.0 131328 19.5 -4.33
6982.0 131328 19.24 -4.91
7013.0 4104 37.65 -26.28
7076.0 4104 37.52 -26.21
7044.0 131328 19.23 -4.82
7107.0 131328 19.26 -4.91
7138.0 4104 37.5 -26.25
7200.0 4104 37.56 -26.25
7169.0 131328 19.21 -4.81
7263.0 4104 37.56 -26.14
7231.0 131328 19.18 -4.9
7294.0 131328 19.25 -4.92
7325.0 4104 37.56 -26.34
7387.0 4104 37.6 -26.25
7450.0 4104 37.59 -26.52
7356.0 131328 19.17 -4.91
7419.0 131328 19.25 -4.89
7512.0 4104 37.62 -26.25
7575.0 4104 37.61 -26.25
7481.0 131328 19.16 -4.91
7543.0 131328 19.22 -4.87
7606.0 131328 19.12 -5.01
7637.0 4104 37.52 -26.17
7668.0 131328 19.16 -4.92
7699.0 4104 37.6 -26.3
7762.0 4104 37.64 -26.37
7730.0 131328 19.12 -5.09
7824.0 4104 37.59 -26.29
7793.0 131328 19.2 -4.88
7855.0 131328 19.1 -5.0
7886.0 4104 37.58 -26.27
7918.0 131328 19.31 -4.81
7949.0 4104 37.45 -26.2
8011.0 4104 37.66 -26.43
7980.0 131328 19.16 -5.11
8074.0 4104 37.62 -26.39
8042.0 131328 19.15 -4.97
8105.0 131328 19.21 -4.89
8136.0 4104 37.63 -26.23
8167.0 131328 19.2 -5.04
8198.0 4104 37.6 -26.22
8261.0 4104 37.48 -26.21
8230.0 131328 19.31 -4.87
8323.0 4104 37.5 -26.23
8385.0 4104 37.55 -26.3
8292.0 131328 19.16 -4.93
8354.0 131328 19.34 -4.89
8510.0 4104 37.56 -26.25
8479.0 131328 19.11 -5.02
8541.0 131328 19.15 -4.93
8573.0 4104 37.55 -26.25
8604.0 131328 19.14 -4.88
8635.0 4104 37.59 -26.43
8697.0 4104 37.58 -26.28
8666.0 131328 19.17 -4.99
8729.0 131328 19.11 -5.01
8760.0 4104 37.51 -26.37
8791.0 131328 19.06 -5.09
8822.0 4104 37.58 -26.26
8884.0 4104 37.7 -26.41
8853.0 131328 19.08 -5.04
8916.0 131328 19.23 -4.91
8947.0 4104 37.6 -26.24
9009.0 4104 37.58 -26.26
8978.0 131328 19.18 -5.02
9072.0 4104 37.65 -26.39
9040.0 131328 19.07 -5.07
9134.0 4104 37.58 -26.23
9103.0 131328 19.1 -5.14
9165.0 131328 19.21 -4.77
9196.0 4104 37.64 -26.42
9259.0 4104 37.62 -26.43
9321.0 4104 37.64 -26.35
9228.0 131328 19.13 -4.9
9290.0 131328 19.15 -4.91
9384.0 4104 37.58 -26.24
9352.0 131328 19.14 -5.03
9446.0 4104 37.62 -26.27
9415.0 131328 19.16 -4.91
9508.0 4104 37.68 -26.23
9477.0 131328 19.09 -5.13
9539.0 131328 19.15 -4.8
9571.0 4104 37.58 -26.24
9602.0 131328 19.23 -5.07
9633.0 4104 37.53 -26.28
9695.0 4104 37.65 -26.46
9664.0 131328 19.18 -4.93
9758.0 4104 37.62 -26.28
9727.0 131328 19.14 -5.05
9820.0 4104 37.5 -26.19
9789.0 131328 19.22 -4.91
9851.0 131328 19.23 -4.92
9883.0 4104 37.51 -26.2
9914.0 131328 19.27 -4.9
9945.0 4104 37.53 -26.19
10007.0 4104 37.63 -26.38
9976.0 131328 19.16 -5.0
10070.0 4104 37.54 -26.19
10132.0 4104 37.42 -26.15
10038.0 131328 19.17 -4.91
10101.0 131328 19.23 -5.05
10194.0 4104 37.54 -26.11
10163.0 131328 19.23 -4.91
10226.0 131328 19.21 -4.85
10257.0 4104 37.64 -26.29
10319.0 4104 37.58 -26.27
10288.0 131328 19.17 -4.93
10350.0 131328 19.18 -4.79
10382.0 4104 37.53 -26.35
10413.0 131328 19.14 -5.03
10444.0 4104 37.56 -26.3
10475.0 131328 19.13 -4.91
10506.0 4104 37.6 -26.29
10569.0 4104 37.46 -26.15
10538.0 131328 19.1 -5.08
10600.0 131328 19.22 -5.07
10631.0 4104 37.64 -26.44
10693.0 4104 37.67 -26.33
10662.0 131328 19.16 -4.95
10756.0 4104 37.52 -26.33
10818.0 4104 37.6 -26.35
10725.0 131328 19.04 -5.05
10787.0 131328 19.18 -5.03
10881.0 4104 37.5 -26.2
10849.0 131328 19.16 -4.97
10943.0 4104 37.54 -26.28
10912.0 131328 19.31 -4.69
11005.0 4104 37.57 -26.25
10974.0 131328 19.27 -4.94
11037.0 131328 19.23 -4.91
11068.0 4104 37.5 -26.13
11130.0 4104 37.66 -26.37
11099.0 131328 19.25 -4.95
11161.0 131328 19.16 -4.9
11192.0 4104 37.5 -26.29
11224.0 131328 19.09 -5.05
11255.0 4104 37.66 -26.34
11286.0 131328 19.23 -4.85
11317.0 4104 37.62 -26.42
11348.0 131328 19.18 -4.94
11380.0 4104 37.66 -26.46
11411.0 131328 19.23 -4.87
11442.0 4104 37.54 -26.34
11504.0 4104 37.63 -26.22
11473.0 131328 19.27 -4.91
11536.0 131328 19.27 -4.86
11567.0 4104 37.46 -26.21
11598.0 131328 19.25 -4.98
11629.0 4104 37.58 -26.31
11692.0 4104 37.61 -26.3
11660.0 131328 19.29 -4.85
11723.0 131328 19.18 -5.07
11879.0 4104 37.52 -26.1
11941.0 4104 37.61 -26.43
11847.0 131328 19.13 -5.06
11910.0 131328 19.18 -4.87
12003.0 4104 37.63 -26.35
12066.0 4104 37.43 -26.17
11972.0 131328 19.33 -4.8
12035.0 131328 19.28 -4.87
12128.0 4104 37.52 -26.35
12097.0 131328 19.21 -4.96
12191.0 4104 37.5 -26.19
12253.0 4104 37.66 -26.19
12159.0 131328 19.2 -4.89
12222.0 131328 19.24 -4.9
12315.0 4104 37.62 -26.42
12284.0 131328 19.19 -4.89
12378.0 4104 37.6 -26.28
12346.0 131328 19.17 -4.98
12409.0 131328 19.29 -4.94
12440.0 4104 37.56 -26.21
12471.0 131328 19.16 -5.08
12502.0 4104 37.54 -26.12
12565.0 4104 37.49 -26.13
12534.0 131328 19.12 -5.0
12596.0 131328 19.19 -4.98
12627.0 4104 37.46 -26.09
12690.0 4104 37.66 -26.4
12658.0 131328 19.2 -4.99
12721.0 131328 19.02 -5.03
12752.0 4104 37.59 -26.24
12783.0 131328 19.12 -4.98
12814.0 4104 37.49 -26.22
12877.0 4104 37.56 -26.33
12846.0 131328 19.2 -4.97
12908.0 131328 19.17 -5.0
12939.0 4104 37.63 -26.42
13001.0 4104 37.61 -26.37
13064.0 4104 37.63 -26.24
12970.0 131328 19.23 -4.91
13033.0 131328 19.23 -4.74
13095.0 131328 19.21 -4.97
13126.0 4104 37.55 -26.19
13189.0 4104 37.55 -26.42
13157.0 131328 19.1 -5.02
13220.0 131328 19.1 -4.96
13251.0 4104 37.64 -26.43
13313.0 4104 37.59 -26.25
13282.0 131328 19.22 -4.89
13376.0 4104 37.62 -26.29
13345.0 131328 19.19 -4.95
13438.0 4104 37.62 -26.23
13407.0 131328 19.08 -4.96
13469.0 131328 19.2 -4.87
13500.0 4104 37.54 -26.25
13532.0 131328 19.14 -4.89
13563.0 4104 37.58 -26.3
13625.0 4104 37.61 -26.22
13594.0 131328 19.25 -4.92
13656.0 131328 19.21 -4.8
13688.0 4104 37.52 -26.25
13750.0 4104 37.59 -26.31
13719.0 131328 19.24 -4.83
13781.0 131328 19.24 -4.95
13812.0 4104 37.63 -26.26
13844.0 131328 19.27 -4.94
13875.0 4104 37.58 -26.22
13906.0 131328 19.15 -5.11
13937.0 4104 37.58 -26.43
14000.0 4104 37.59 -26.44
13968.0 131328 19.11 -5.08
14062.0 4104 37.59 -26.28
14031.0 131328 19.04 -5.1
14124.0 4104 37.56 -26.19
14093.0 131328 19.11 -5.09
14155.0 131328 19.12 -5.16
14187.0 4104 37.6 -26.25
14218.0 131328 19.21 -5.04
14249.0 4104 37.57 -26.13
14311.0 4104 37.63 -26.33
14280.0 131328 19.08 -4.89
14374.0 4104 37.67 -26.33
14436.0 4104 37.53 -26.32
14343.0 131328 19.21 -5.11
14405.0 131328 19.21 -4.79
14623.0 4104 37.6 -26.27
14592.0 131328 19.15 -5.16
14654.0 131328 19.08 -5.08
14686.0 4104 37.57 -26.27
14717.0 131328 19.12 -5.1
14748.0 4104 37.62 -26.16
14810.0 4104 37.52 -26.2
14779.0 131328 19.27 -5.0
14873.0 4104 37.34 -26.12
14842.0 131328 19.14 -5.02
14904.0 131328 19.2 -4.92
14935.0 4104 37.51 -26.25
14998.0 4104 37.6 -26.43
14966.0 131328 19.29 -5.0
15029.0 131328 19.12 -5.0
15060.0 4104 37.58 -26.41
15122.0 4104 37.62 -26.25
15185.0 4104 37.6 -26.35
15091.0 131328 19.16 -5.0
15153.0 131328 19.17 -4.99
15216.0 131328 19.2 -5.04
15247.0 4104 37.66 -26.34
15309.0 4104 37.52 -26.2
15278.0 131328 19.16 -4.85
15372.0 4104 37.52 -26.26
15341.0 131328 19.18 -4.98
15403.0 131328 19.08 -4.97
15434.0 4104 37.64 -26.18
15497.0 4104 37.63 -26.33
15465.0 131328 19.19 -5.05
15559.0 4104 37.63 -26.25
15621.0 4104 37.47 -26.19
15528.0 131328 19.06 -5.03
15590.0 131328 19.25 -5.03
15653.0 131328 19.17 -5.05
15684.0 4104 37.6 -26.29
15746.0 4104 37.47 -26.17
15715.0 131328 19.21 -4.92
15808.0 4104 37.6 -26.39
15777.0 131328 19.22 -4.93
15840.0 131328 19.18 -4.97
15871.0 4104 37.57 -26.31
15902.0 131328 19.21 -4.81
15933.0 4104 37.5 -26.09
15996.0 4104 37.53 -26.32
15964.0 131328 19.23 -4.98
16058.0 4104 37.5 -26.17
16027.0 131328 19.17 -4.93
16089.0 131328 19.23 -5.03
16120.0 4104 37.66 -26.25
16152.0 131328 19.17 -4.94
16183.0 4104 37.6 -26.22
16214.0 131328 19.17 -4.99
16245.0 4104 37.56 -26.29
16307.0 4104 37.48 -26.18
16276.0 131328 19.15 -4.82
16370.0 4104 37.54 -26.21
16432.0 4104 37.53 -26.18
16339.0 131328 19.33 -4.93
16401.0 131328 19.16 -4.97
16495.0 4104 37.61 -26.18
16557.0 4104 37.52 -26.3
16463.0 131328 19.21 -4.88
16526.0 131328 19.26 -4.85
16588.0 131328 19.24 -4.87
16619.0 4104 37.63 -26.41
16651.0 131328 19.27 -4.85
16682.0 4104 37.56 -26.37
16744.0 4104 37.51 -26.1
16713.0 131328 19.12 -4.97
16807.0 4104 37.54 -26.26
16775.0 131328 19.16 -4.92
16838.0 131328 19.19 -4.97
16869.0 4104 37.65 -26.34
16900.0 131328 19.26 -4.83
16931.0 4104 37.5 -26.17
16994.0 4104 37.51 -26.15
16962.0 131328 19.27 -4.87
17056.0 4104 37.71 -26.22
17118.0 4104 37.56 -26.18
17025.0 131328 19.29 -4.91
17087.0 131328 19.13 -4.87
17181.0 4104 37.48 -26.25
17150.0 131328 19.25 -4.99
17212.0 131328 19.21 -4.89
17243.0 4104 37.64 -26.23
17274.0 131328 19.28 -4.97
17306.0 4104 37.54 -26.25
17368.0 4104 37.62 -26.43
17337.0 131328 19.25 -4.94
17399.0 131328 19.22 -4.86
17430.0 4104 37.54 -26.37
17493.0 4104 37.53 -26.27
17461.0 131328 19.17 -4.99
17524.0 131328 19.25 -4.93
17555.0 4104 37.56 -26.25
17617.0 4104 37.55 -26.45
17586.0 131328 19.25 -4.79
17649.0 131328 19.17 -4.96
17680.0 4104 37.69 -26.26
17711.0 131328 19.22 -4.8
17742.0 4104 37.62 -26.35
17773.0 131328 19.25 -4.9
17805.0 4104 37.57 -26.31
17867.0 4104 37.58 -26.23
17836.0 131328 19.18 -4.91
17898.0 131328 19.23 -4.95
17929.0 4104 37.64 -26.26
17961.0 131328 19.21 -4.9
17992.0 4104 37.46 -26.25
18023.0 131328 19.12 -4.97
18054.0 4104 37.56 -26.31
18116.0 4104 37.61 -26.39
18085.0 131328 19.2 -4.92
18179.0 4104 37.64 -26.4
18148.0 131328 19.17 -4.91
18241.0 4104 37.65 -26.25
18210.0 131328 19.1 -5.03
18304.0 4104 37.52 -26.23
18366.0 4104 37.4 -26.15
18272.0 131328 19.22 -4.89
18335.0 131328 19.14 -4.93
18397.0 131328 19.25 -4.99
18428.0 4104 37.61 -26.27
18491.0 4104 37.53 -26.11
18460.0 131328 19.25 -4.89
18553.0 4104 37.58 -26.2
18522.0 131328 19.24 -5.01
18584.0 131328 19.11 -5.01
18615.0 4104 37.59 -26.27
18678.0 4104 37.56 -26.39
18647.0 131328 19.2 -4.97
18740.0 4104 37.6 -26.48
18709.0 131328 19.16 -4.98
18803.0 4104 37.64 -26.24
18771.0 131328 19.17 -5.01
18865.0 4104 37.53 -26.28
18834.0 131328 19.17 -4.91
18927.0 4104 37.47 -26.43
18896.0 131328 19.14 -5.05
18959.0 131328 19.1 -5.03
18990.0 4104 37.64 -26.23
19052.0 4104 37.42 -26.21
19021.0 131328 19.35 -4.89
19083.0 131328 19.25 -4.89
19115.0 4104 37.48 -26.19
19146.0 131328 19.17 -5.01
19177.0 4104 37.62 -26.25
19239.0 4104 37.53 -26.21
19208.0 131328 19.26 -4.85
19270.0 131328 19.25 -4.92
19364.0 4104 37.56 -26.23
19333.0 131328 19.22 -4.73
19395.0 131328 19.2 -4.96
19426.0 4104 37.63 -26.41
19489.0 4104 37.62 -26.42
19458.0 131328 19.25 -4.83
19520.0 131328 19.08 -5.11
19614.0 4104 37.6 -26.37
19676.0 4104 37.63 -26.27
19582.0 131328 19.06 -5.12
19645.0 131328 19.14 -4.93
19707.0 131328 19.31 -4.84
19738.0 4104 37.55 -26.21
19801.0 4104 37.6 -26.48
19769.0 131328 19.24 -5.02
19863.0 4104 37.54 -26.32
19925.0 4104 37.59 -26.03
19832.0 131328 19.2 -4.83
19894.0 131328 19.2 -4.98
19988.0 4104 37.63 -26.25
19957.0 131328 19.12 -4.93
20050.0 4104 37.48 -26.24
20019.0 131328 19.2 -5.01
20081.0 131328 19.12 -5.0
20113.0 4104 37.64 -26.36
20144.0 131328 19.04 -5.1
20175.0 4104 37.5 -26.18
20237.0 4104 37.58 -26.24
20206.0 131328 19.16 -4.99
20300.0 4104 37.6 -26.43
20269.0 131328 19.14 -5.03
20362.0 4104 37.59 -26.21
20331.0 131328 19.23 -4.91
20424.0 4104 37.63 -26.45
20393.0 131328 19.41 -5.02
20456.0 131328 19.11 -5.09
20487.0 4104 37.57 -26.22
20518.0 131328 19.21 -5.01
20549.0 4104 37.66 -26.37
20612.0 4104 37.62 -26.3
20674.0 4104 37.52 -26.17
20736.0 4104 37.45 -26.14
20580.0 131328 19.14 -4.93
20643.0 131328 19.19 -4.95
20705.0 131328 19.12 -5.03
20768.0 131328 19.12 -5.15
20799.0 4104 37.52 -26.14
20861.0 4104 37.49 -26.15
20830.0 131328 19.16 -5.05
20892.0 131328 19.14 -5.09
20923.0 4104 37.67 -26.36
20955.0 131328 19.08 -4.93
20986.0 4104 37.56 -26.26
21017.0 131328 19.1 -5.1
21048.0 4104 37.52 -26.15
21111.0 4104 37.64 -26.24
21079.0 131328 19.14 -5.05
21173.0 4104 37.48 -26.23
21142.0 131328 19.16 -5.07
21204.0 131328 19.21 -4.91
21235.0 4104 37.5 -26.32
21267.0 131328 19.13 -5.01
21298.0 4104 37.46 -26.21
21329.0 131328 19.12 -4.82
21360.0 4104 37.62 -26.28
21423.0 4104 37.69 -26.45
21391.0 131328 19.16 -5.06
21454.0 131328 19.07 -4.81
21485.0 4104 37.66 -26.41
21547.0 4104 37.68 -26.49
21516.0 131328 19.16 -5.01
21578.0 131328 19.14 -4.89
21610.0 4104 37.64 -26.16
21641.0 131328 19.18 -4.93
21672.0 4104 37.54 -26.46
21734.0 4104 37.54 -26.43
21703.0 131328 19.22 -4.9
21766.0 131328 19.17 -4.98
21797.0 4104 37.69 -26.17
21859.0 4104 37.59 -26.2
21922.0 4104 37.52 -26.25
21828.0 131328 19.29 -4.85
21890.0 131328 19.14 -4.97
21984.0 4104 37.56 -26.2
22046.0 4104 37.63 -26.27
21953.0 131328 19.21 -4.98
22015.0 131328 19.17 -5.04
22109.0 4104 37.46 -26.2
22171.0 4104 37.51 -26.24
22140.0 131328 19.16 -5.03
22202.0 131328 19.02 -4.89
22265.0 131328 19.18 -5.0
22296.0 4104 37.66 -26.33
22327.0 131328 19.16 -4.84
22358.0 4104 37.56 -26.45
22421.0 4104 37.52 -26.24
22389.0 131328 19.24 -4.95
22483.0 4104 37.6 -26.39
22452.0 131328 19.14 -4.93
22545.0 4104 37.59 -26.33
22514.0 131328 19.22 -4.89
22576.0 131328 19.2 -4.77
22608.0 4104 37.62 -26.31
22670.0 4104 37.42 -26.21
22639.0 131328 19.17 -5.03
22732.0 4104 37.62 -26.37
22701.0 131328 19.12 -4.93
22764.0 131328 19.23 -4.99
22795.0 4104 37.49 -26.17
22826.0 131328 19.19 -4.91
22857.0 4104 37.51 -26.11
22888.0 131328 19.2 -4.83
22920.0 4104 37.44 -26.21
22982.0 4104 37.63 -26.25
22951.0 131328 19.19 -4.99
23013.0 131328 19.16 -5.05
23044.0 4104 37.64 -26.31
23076.0 131328 19.14 -4.95
23107.0 4104 37.53 -26.23
23169.0 4104 37.6 -26.25
23138.0 131328 19.02 -5.14
23200.0 131328 19.16 -5.0
23231.0 4104 37.55 -26.15
23294.0 4104 37.47 -26.19
23356.0 4104 37.6 -26.21
23263.0 131328 19.19 -5.1
23325.0 131328 19.12 -5.03
23419.0 4104 37.53 -26.25
23387.0 131328 19.1 -5.18
23481.0 4104 37.56 -26.27
23450.0 131328 19.17 -4.96
23512.0 131328 19.2 -4.97
23543.0 4104 37.51 -26.16
23606.0 4104 37.58 -26.17
23575.0 131328 19.2 -4.85
23637.0 131328 19.21 -4.93
23668.0 4104 37.5 -26.11
23730.0 4104 37.53 -26.43
23699.0 131328 19.27 -4.7
23762.0 131328 19.17 -5.07
23793.0 4104 37.64 -26.42
23824.0 131328 19.19 -4.83
23855.0 4104 37.58 -26.44
23918.0 4104 37.47 -26.19
23886.0 131328 19.15 -4.96
23980.0 4104 37.58 -26.43
23949.0 131328 19.1 -4.93
24011.0 131328 19.12 -5.01
24042.0 4104 37.54 -26.43
24074.0 131328 19.1 -4.97
24105.0 4104 37.54 -26.18
24167.0 4104 37.54 -26.21
24136.0 131328 19.29 -5.06
24198.0 131328 19.26 -4.96
24230.0 4104 37.5 -26.14
24292.0 4104 37.63 -26.21
24354.0 4104 37.56 -26.3
24261.0 131328 19.14 -5.12
24323.0 131328 19.16 -4.83
24385.0 131328 19.22 -5.0
24417.0 4104 37.54 -26.26
24479.0 4104 37.51 -26.07
24448.0 131328 19.2 -4.95
24510.0 131328 19.19 -5.09
24541.0 4104 37.54 -26.31
24604.0 4104 37.58 -26.27
24573.0 131328 19.1 -4.89
24635.0 131328 19.18 -5.12
24666.0 4104 37.56 -26.27
24697.0 131328 19.22 -4.93
24729.0 4104 37.52 -26.3
24791.0 4104 37.48 -26.02
24760.0 131328 19.26 -4.99
24822.0 131328 19.21 -4.95
24853.0 4104 37.54 -26.4
24884.0 131328 19.16 -5.04
24916.0 4104 37.62 -26.33
24978.0 4104 37.5 -26.17
24947.0 131328 19.08 -4.94
25009.0 131328 19.15 -5.0
25040.0 4104 37.48 -26.23
25103.0 4104 37.53 -26.19
25165.0 4104 37.69 -26.43
25072.0 131328 19.25 -5.03
25134.0 131328 19.23 -4.85
25228.0 4104 37.51 -26.09
25290.0 4104 37.56 -26.3
25196.0 131328 19.19 -4.81
25259.0 131328 19.18 -4.91
25321.0 131328 19.18 -4.94
25352.0 4104 37.64 -26.39
25415.0 4104 37.55 -26.25
25384.0 131328 19.15 -4.91
25477.0 4104 37.49 -26.24
25446.0 131328 19.23 -4.75
25539.0 4104 37.6 -26.41
25602.0 4104 37.58 -26.24
25508.0 131328 19.14 -5.03
25571.0 131328 19.16 -4.97
25633.0 131328 19.16 -5.05
25664.0 4104 37.54 -26.28
25695.0 131328 19.27 -4.87
25727.0 4104 37.57 -26.21
25789.0 4104 37.64 -26.43
25758.0 131328 19.16 -4.97
25820.0 131328 19.24 -4.79
25851.0 4104 37.58 -26.41
25914.0 4104 37.54 -26.39
25883.0 131328 19.14 -5.01
25976.0 4104 37.53 -26.29
25945.0 131328 19.18 -4.88
26007.0 131328 19.21 -4.98
26038.0 4104 37.43 -26.2
26070.0 131328 19.19 -5.01
26101.0 4104 37.62 -26.25
26163.0 4104 37.62 -26.27
26132.0 131328 19.2 -4.97
26226.0 4104 37.58 -26.19
26194.0 131328 19.13 -4.89
26288.0 4104 37.6 -26.36
26257.0 131328 19.17 -5.0
26350.0 4104 37.64 -26.31
26319.0 131328 19.17 -4.88
26413.0 4104 37.57 -26.21
26382.0 131328 19.32 -4.97
26475.0 4104 37.52 -26.32
26538.0 4104 37.54 -26.14
26444.0 131328 19.21 -4.95
26506.0 131328 19.18 -4.75
26600.0 4104 37.62 -26.25
26569.0 131328 19.23 -4.91
26662.0 4104 37.55 -26.32
26631.0 131328 19.15 -5.07
26725.0 4104 37.6 -26.31
26693.0 131328 19.22 -4.83
26787.0 4104 37.58 -26.22
26849.0 4104 37.58 -26.35
26756.0 131328 19.25 -4.9
26818.0 131328 19.34 -4.83
26881.0 131328 19.27 -4.93
26912.0 4104 37.51 -26.2
26974.0 4104 37.52 -26.15
27037.0 4104 37.68 -26.45
26943.0 131328 19.23 -4.89
27005.0 131328 19.25 -4.93
27099.0 4104 37.58 -26.2
27068.0 131328 19.23 -4.71
27161.0 4104 37.56 -26.29
27130.0 131328 19.25 -4.93
27192.0 131328 19.26 -4.77
27224.0 4104 37.49 -26.13
27286.0 4104 37.61 -26.35
27255.0 131328 19.24 -4.94
27411.0 4104 37.58 -26.31
27473.0 4104 37.56 -26.39
27442.0 131328 19.33 -4.89
27504.0 131328 19.19 -4.91
27692.0 131328 19.19 -4.91
27723.0 4104 37.64 -26.27
27785.0 4104 37.59 -26.31
27754.0 131328 19.25 -4.91
27847.0 4104 37.57 -26.25
27910.0 4104 37.52 -26.25
27816.0 131328 19.2 -4.95
27879.0 131328 19.2 -4.96
27972.0 4104 37.59 -26.34
27941.0 131328 19.14 -5.05
28003.0 131328 19.13 -4.94
28035.0 4104 37.5 -26.27
28097.0 4104 37.6 -26.23
28066.0 131328 19.21 -4.99
28159.0 4104 37.52 -26.36
28128.0 131328 19.24 -4.99
28191.0 131328 19.21 -5.01
28222.0 4104 37.56 -26.25
28253.0 131328 19.23 -4.85
28284.0 4104 37.5 -26.21
28315.0 131328 19.25 -4.9
28346.0 4104 37.72 -26.52
28378.0 131328 19.11 -5.02
28409.0 4104 37.58 -26.38
28471.0 4104 37.54 -26.15
28440.0 131328 19.19 -4.85
28502.0 131328 19.19 -4.95
28534.0 4104 37.52 -26.23
28596.0 4104 37.48 -26.31
28565.0 131328 19.14 -4.91
28658.0 4104 37.62 -26.22
28627.0 131328 19.23 -4.73
28690.0 131328 19.29 -4.73
28721.0 4104 37.62 -26.43
28783.0 4104 37.56 -26.27
28752.0 131328 19.21 -4.85
28814.0 131328 19.23 -4.8
28846.0 4104 37.55 -26.3
28908.0 4104 37.54 -26.24
28877.0 131328 19.16 -4.89
28970.0 4104 37.52 -26.37
28939.0 131328 19.21 -4.86
29001.0 131328 19.23 -4.85
29033.0 4104 37.5 -26.3
29064.0 131328 19.25 -4.84
29095.0 4104 37.64 -26.4
29126.0 131328 19.27 -4.81
29157.0 4104 37.62 -26.37
29189.0 131328 19.29 -4.93
29220.0 4104 37.6 -26.21
29251.0 131328 19.19 -4.89
29282.0 4104 37.64 -26.23
29313.0 131328 19.18 -4.93
29345.0 4104 37.6 -26.25
29376.0 131328 19.21 -4.89
29407.0 4104 37.56 -26.25
29438.0 131328 19.25 -4.76
29469.0 4104 37.6 -26.33
29532.0 4104 37.48 -26.16
29500.0 131328 19.31 -4.71
29563.0 131328 19.24 -4.72
29625.0 131328 19.29 -4.87
29656.0 4104 37.66 -26.35